audacter — bimuli

audacter 55, 16. ’

1111115618.

audes 81, 6. ausit 61, 65. 16. 15.
66, 28. ausus 1, 5. ausi 64, 6.
-surum 31, 1.

1111111121. 51, 4. 68, 112. -ias
61, 91. audibant 84, 8. ·iam 9,
6. -111 61, 41. -ierat 14, 1. -1111
65, 9. -111 64, 195. -11164,166.
266. -1111 61, 41. 82. 129.

auectam 64, 132.

auellere 62, 21. 22.

auelte 55, 9*.

11111111 46,1. aue 161, 16.

11111111 64, 466. -1111 64, 5.

vaufert 68, 151*. abstulit 62, 32.
68, 29. 161, 5. -istis 3, 15.

Aulileua 110, 1. 6. 111, 1. -nam
166,1.

Aufilenum 199, 1.

11111164, 323. auctus 66,11. -11
QffimQffl

1111846.

auido 198, 4. -dum 68, 83.

11111 25, 8. -11168, 121.

11111166, 55.

aura 4, 26. 64, 96. 282. 68, 64.
-111 62, 41. -1111-1111146, 3. 64,
84. - 64, 164.

auratam 64, 5.

1111111111. 15, 2. 16, 2. 21, 1.

aureolum 2, 12. -1161,161.

eurem aurea 66, 69. -1163, 39.
-11161,99.

auricilla 1. 11111111.

auriculam 61, 44.

aurifer 29, 19.

109

3951611). 61, 46. 68, 38. 42.
1311611). 69, 4. 9.16. 11, 2.
13, 2. 14, 2. 16, 1. 8. 11. 24.
82, 2. 91, 4. 163, 1. 3. 161,1.
116, 5 (bic).

autem 64, 161. 261. 318. 66, 16.

autumant 44, 2.

auunculus 84, 5.

auus 84, 6.

auxilium 68, 66. - 64, 186.

axuleis 11, 3.

Bradanus 14, 11. -tes 11, nnn.

Β1111161,3.

11111111111111133, 1.

barathrum 68, 168. -thro 68, 111.

barba 31,19.

barbara 64, 264. 66, 46.

basiationes 1, 1.

bario basiem 48, 3. -1111118, 18.
-1111 1, 9. 48, 2.

barium basiorum 5, 13. 16, 12.
basia 5, 1. 1, 9. 99, 16.

Battiadae 65, 16. 116, 2.

Battus Batti 1, 6.

61111 14, 16. 23, 15.

beatus 22, 16. 23, 21. -161, 151.
-1 9, 5. - 31, 14. -as 51, 15.
-ai 23, 24. 68,14. -11119,11. 31,
1. -icrsm 16, 11. -icrum 9, 10.
-icres 45, 25.

belle 12, 2.

bellum belli 64, 394. -11 64, 343.
345. -la 31, 13.

auris aure 61, 55. -es 51, 11. 84, bellus 22, 9. 24, 1. 18, 3. 81, 2.

ΜΜἉ21ἣΜ1
63,15. 64, 116.

Aurora 64, 211.

curum auri 64, 100. -o 64, 44.
161, 3.

41111111111 61, 86.

auscultare 61, 39.

auspicatinrem 45, 26.

auspicio 45, 19.

austri 26, 1.

1115,12.1,1. 1216. 11.21,2.
31111). 22, 41111). 16. 13. 23,
13. 24, 2. 3. 26, 3. 29, 8*. 14.
21. 39161611). 11 (bis). 12. 13.
14.42,14. 66, 2. 63, 55. 64,
1621611). 166. 121. 122. 262.

-a 8, 16. 69, 8. 18, 4. -1 24, 8.
-um 3, 15. -am 43, 6. -1 43, 2.
18, 4. 166,1.-11 3, 14.

bene 3, 1. 10, 32. 13,1.1. 14,16.
131, 15. 28, 9. 46, 3. 61, 181.
233. 61, 13. 12, 8. 13, 1. 15, 3.
16, 1. 91, 3.

benefacta 16, 1.

1111111161, 3. 13, 3.

Bereniceo 66, 8.

bestia 69, 8.

beta 61, 21.

bibat 66, 85. bibi 66, 18. bibisse
39, 21.

bigae 55, 26.

bimuli 11, 13.

 

