expalluit — femur

expalluit 64, 166.

expatrauit39,16.

expecta 12, 1'.1-tata 62, 2

expeditis 28, 2.

1100110·001144,1.1111111622.

0101010028, 7.

experiris 21, 6.

expers 64, 338. 66, 11. -11110 06,

expeteres 16, 4

expirans 64, 81. ·ntis 64, 194.

exples 34, 20. -011 64, 268.

explicaret, 6. ·asset 53, 3.

expolitum 1, 2. -1101 39, 20.

exposcam 64, 130. -10001 64, 203.

exprimamus 42, 11. ·pressa 65,

exprpmam 64, 223. -010 65, 3.

expuit 64, 15'5.

extenuata 64, 295.

0110101111 64, 11. -nata 64, 165

extinctos 64, 466

11101111011164, 1811164311.

extollit 62, 50.

extremam 16, 18. ’·064, 169. 68,
106. -6 64, 211. -01 11, 3 -11
64,136.196.

1111111111 64, 108.

exules 63, 14.

exultas 51, 14.

exuperat 114, 4.

exustos 68, 62.

exuuiae 66, 62. -111 66, 14.

Fam 11 11. X

fabula 60, 5.

111111011215.-,.0413·00112,
17. -,013 1. 14. 28, 3.

facetiarum 12, 9. -11150, 8.

110110 61, 222.

facilis 64, 11. il-limum 38, 4.

facinus 66, 21. 81, 6. 110, 4.

110114213.104,4.110, 4. -011
11, 17. 22 3 31,19. 45, 24.
03;.,’.,’.8961128813.9’1,9.
0111141,6.-0110162,24.-01101
851-01116,14.21,13.15,.4
10,16. 81,.6 -011168,50.-01101
13, 14. 30, 6. cerem 16 11.
-0110121,9.·0011110,131114,
2. -010130,12.14,6. ·eient

119

’ 66,41.110114,4.50,16.

11011 64, 9 67, 36. 74, 6.
fecerimus 5, 1011063, 18. 79.
82.11003616.-011064,231.
·cite68,46.169,3. 11001061.
16.68,38.16,8.110,2.5,
100111013, 3. faciens 10,13*.
faeti 67, 6. ·tum 67, 1399, 7.
-102,4. tn 1132111168.
-4, 23. 11110.

sactum facti 30, 12. -,10013 16
1912310* 30,4..',963
45. 64, 192. 348. 65,9. 68, 146*.
16,1(000011011).100,0*.-111
64, 203. 06, 31. ·

1110164, 289.

Falerni 21, 1.

111ὲ1001464,151.-64,56. ·cum

101,,,10301111111111 ·lendos

falsiparens 68, 113.

11110 114, 1.

11111ἐ101611, 20 48. atae, 1. ·sis

falx 64, 41.

1110161, 62 230. 18,10.80,5.

famem 28, 5. -100141, 2.

famula 63, 68. 96.

famularer 64, 161.

’ famulum 66, 67. -li 63, 52.

111101 39, 11111 28, 13.

mQ3Q6

1110101101,12.

11110 55, 14.

fatebuntur 64, 349. ·eri6, 6.

10100111115,11.064,245. -1
64, 326-64, 321. 65,14. 66,

fatuo 83, 1. -111 98, 2.

fauent 13, 2. ·eam 166, 6.

110001 26, 2. 64, 282.

11011064329. ι

fac faces 61, 77. 98.- 61, 121.

febriculosi6, 4.

fecunda 64, 282. -dum 113, 4.

1111111008. ·10162,30.64,313.
·ices 68, 155. -101104, 382.
-1011111 64, 25. -10101 101, 7.

10111159,1.

femellas 55, 1. =

fenpina16l, ,88 64, 143. 69, 1. ·nae

femur 69, 2.

 

