populus —

6666166 95,10. -167,12*. 68,60.
19810337 67,12*. -um
67 39. -61,’5 6. 81, 1.

Ρ616147, 1.

porrigens 61, 218. -16616 67, 6.

66116 45, 3. 68, 45.

66116 1·5,18.

661166 61, 135. 6-116 64, 279. 328.
66, 13. 6166161 64, 83.

661161664,211.-66 36, 12*.

posco 666666114 41, 2.

6661111661 115,4.

6616661 67, 17. 68, 41. 9915. 66166
33, 8. 42, 14*. 66166129,1(01·1).
21. 42, 14*. 16. 61, 61. 63. 68.
87, 1. 96, 2. 66166111 42, 5. 23.
666666154. 16, 9. 23, 4. 76,
7. 666116 22, 20’. 23, 23*. 62,
21. 98, 3. 6611115,1’2.109,3.
possint 7,12. poterat 84, 4.
6666661 2,9 10,20.104,.3 116,
2. 6666666323,23*. 66616110,
23. 67 , 28. 68, 84. 6616111 64, 377.
167, 8. 66161 68, 149. 104, 3.
66161611 64, 160. 661611 64,136.
81, 1. 6666673, 2. 91, 4. 97, 11.
66161616 104,1.

6611 (61616164, 278. 294. 95, 1, 2.
6661 (6111614, 10. 49, 3. 64, 274.
322. 66, 811*

66611166 24, 3. 65, 11. 99, 16.

66611116 84, 9.

6611616116 30, 12.

postquam 11, 23. 50, 14. 64, 202.
267. 303. 397. 67, 6. 84, 11.

postrema 64, 191. -o 101, 3.

6611616166, 42.

Postumiae 27, 3.

Ρο1161616 67, 35.

6616 17, 24. 45, 5. 61, 56 (utpote).
67, 11. 43 (61 pote). 76, 166111.
98,1.

661666 34, 15. 61, 156. 100, 8

poteretur 64, 402.

66116 65, 3. 72, 7. 76, 24. 115, 3.

6611166 24, 82. 150. 66, 92. 100, 5.
11, .

6166 64, 34. 72, 2.

61666666 65, 23. 68, 59. -61611616
17, 9. 40, 2. 64, 244. 105, 2.

61666661664, 159.

praecerpens 64, 353.

praecipue 78, 12811316. 1, 3.

praeconem 1116,1.

611661

616666111167, 33¹1.

6166116 29, 18. 64, 153. 362.

6166111661 39, 21.

praefantes 64, 382.

praegestit 64, 145. ’

6166116 66, 20.

61666116 64, 102. 157. 66, 86.

61666616111 64, 129.

praeponere 81, 5. -661611 47, 4.

6166661161 64, 194.

6166166166 64, 126. -is 64, 297.

prqeseqss464, 396. -te 83, 1. -166
4, . ,

praesertim 10, 12.

praesides-61, 72.

praesto 64, 137. 68, 39*.

6166161 37, 17.

61696916166 64, 184. 67, 45. 97, 7.
,11.

61661616661 15, 8. -ire 4, 4. -66616
11, 23.

praeterquam 81, 3.

praetextate 61, 182.

6166161 10, 13. -orem 28, 8. -oribus
10, 10. 6

praetrepidans 46, 7.

6166661161 64, 341.

6166666 32, 10.

61611 11, 22. 115, 1. -16 114, 3.
115, 5.

6166611 23, 26.

premunt 66, 69.

prendi 55, 7.

pretium 110, 2. -io 77, 2.

(prom) 6166668, 65.·6150, 18. 116,

Ρ116666647, 4. 611661. 1, 1. 2*.

6111116661 64, 401,

primores 68, 87.

6611161161. prior.

princeps 64, 278.

principio 66, 49. 68, 157.

6116121, 8.67,20. 61166 (6111114
25. 51,15. 61,208. 62, 29 (61166
qu.am) 64, 91 (61166..,666161.
189 (61161...666161. 209. 238.
317. 66, 811* (61166.. ,666161
611616 76,1.61116664, 1161116661
2,3.- (161164,5’6.113.136
(quamprimum). 243 (6616 pri·
616611.272.67,19.68,15. 108,
3.113,1.611111668,158.-64,
11.6 171. 611161 29, 17.

61166164, 159. -01,91 7116450.

 

