152 tu — uagus

tu 1, 3. 614. 8,1.14. 16, 33.
13,13. 14,13. 15,11. 22, 9.
23, 22. 28, 3. 36, 5. 1111111111.
34, 13. 15. 31. 11. 38, 4. 49, 1.
61, 56. 151. 66, 21. 89. 61, 31.
68, 21 (bis). 129. 155. 16,16*.
11. 81, 2. 5. 91, 9. 164, 4. 116,
3. 116, 8. 11511,3. 8. 4,14.
26. 8, 3. 8. 15. 13, 2. 14, 1. 9.
16. 15,1. 11, 5. 23, 5. 15. 19.
25,11. 32, 6. 34, 21. 35,16.

’ 38, 6. 46, 3. 44, 16. 49, 4. 56,
16. 51, 13. 54, 5. 61, 52. 86.
136. 146. 156. 158. 113. 116.
192. 64,131. 151. 158. 161. 228.
231. 325. 328. 336. 65, 16. 66,
24.68,9.11,32.39.165. 149.
631515316615 815.
82,.,..191689.’,’931.,983.
99,1.5.166,5.116,1. frgm.
1,1.106,..6161,9.,813.
15.1.,.69613,14.14,1.3.
16. 15, 11. 11. 21, 8. 24,6. 36,
1912 31463233411
39, 9,*. 15. 21. 46, 1. 43,6. 44,
2 45 3. 51, 3655, 3.4(51’1).
513. 14. 11. 32. 611,1. 61, 51.
54. 141. 198. 262. 62, 36. 63,
55. 56. 64, 25. 28. 29. 149. 154.
219. 221. 221. 231. 253. 299.
65, 16. 66, 25*. 31. 46. 61, 2.
15. 68, 161. 69, 512, 1. 3. 5.
16, 16. 11. 18, 9. 19, 2. 86, 3.
6. 91, 1. 3. 98,1. 161,3. 5 (tete).
163, 3. 161, 4. 5. 112, 2*. 116,
311111. 1, 3. tu 8, 9. 19. 23,
21. 24, 9. 62, 59. te 2,9. 12,
4. 13, 3. 15, 9. 23, 16. 43,1.

, 56, 1326. 61, 61. 61. 66. 69.
14. 64, 69. 361. 331. 68, 22.
23. 94. 95. 11, 4. 16, 8. 91, 1.
112, 1. ,

1115111163,9*.

tuetur 64, 53. tuens 66, 89.

Tulli 49, 2.

111111 1, 5. 2, 8*. 8, 6. 16,3*.15,
11. 16, 1. 62,31. 61,19.26.
21. 56. 68 (511). 166*. 126. 128.
143*. 231. 249*. 254. 216. 312.
313326. 66, 29. 68, 81. 161.
165. 131. 12, 3. 84, 3. 86, 6.
11111111.

111111409516. ,

tumulabor 64, 153.

11111116,3*. 44, 21. 66, 24. 66,
1181111111.

tunditur 11, 4. -eretur 59, 5.

tunicam 32, 11. 61, 22. -5 68, 134.
ωῆ83ω2

turben frgm. 12*. 11. turbo.

turbidi 25, 4.

turbo 63. 161. -111164, 149. 314.
68, 6.

turgiduli 3, 18.

turpiculo 41, 3.

turpis 42, 3. -e 66, 36. - 42, 8.
68, 21. -i 91, 4. -iu 61, 163.

turpiter 25, 11.

tussis 44, 13. .-,111144 1. 19.

tutamen 64, 324.

tuto 31, 6. -136, 8.

11111198. 61,161.151. 112. 62,
29. 63 9,2(1.1101) 68, 24. 96.
111. 11, 3. 81, 3. 111162, 62.
64. 64, 218. 61, 11. 68, 155. 18,
,8. 166 5 168,.1 (1311112
1111131.36,261,151.-36,
12. 1110 381 61,116.11111111
14,13. 44,14. 61, 168. tuam
66, 91. 11111111 61, 138. 63, 9*
(tuom). 64, 163. 66, 46. 1110 15,
3.9.11,.823. 235 561
56, 2. 62, 33. 64, 253. 66, 39.
81,.496,6.1111“13,11. 115.
44, 1. 62, 21. 65, 12. 66,11.
15, 1. 19, 2. 1110 4, 16. 11. 1111
14,11. 1111112. 55, 2. tuos
6, 16., 9, 3. 48,1. 1111061.
101 12, 1. 36, 9. 63, 9. 81. 65,
911. 116, 1. 11110125, 9. 61,
141.,-61, 164. - 61,11. .

tympanum 63, 29.-1111110111 63,
8. 9. tympano 63 32. tympana
63, 21.- 64, 261.

1011111111 61⁰. 1101110111.

11110 61, 112.

6³06. 64, 111. -ua 11, 111.

1114116231. 86. .

uadum -a 63, 41. 64, 6. 58.

1110 8, 15*. 64, 196.

1111111431.

uagus 63, 4. 64, 396. -1 63, 25.
11. -1 11, 111. -0 63, 11. 64,

, 225. 211. ·1”1 61,111. -0 64, 346.
-is 11, 11.-1 63, 13.

 

