6166116 -· splendent

84, 5 (616). 6. 86, 2. siccine 64,
132. 134. 71, 3.

6166116 68, 110.

sicco 43, 3. -1611 23, 12.

sicula 67, 21. ,

6161112, 9.

sidus 66, 64. ·616 64, 329. -611 7,
7. 66, 4. 73. 93. -erum 61, 267.
-611 64, 206. 66, 89.

signo 92, 3. -1 64, 210. 222.

Silenis 64, 252.

fflmffl3

silici 64, 296*. -611123, 4. -6 63,
5*.

Silo 103,1.

silua 4,11. ·ee 64, 286. arum 34,
10. -16 115, 5. -is 63, 3.

6116661111 64, 279.

siluicultrix 63, 72.

similis 61, 221.

Simonideis 38, 8.

simul (61111.) 4, 21. 11, 14. 18. 21,

. 5. 46, 10. 50, 13. 55, 628. 61,
36. 62, 65. 63, 12. 13. 19. 31.

> 64, 18. 300. 68, 101*. 155. -
(coniunctio) 22, 15. 51, 6. 63,
27. 45. 64, 31. 99, 7. simul 16

. 64, 12. 86. 147. 233. 366.

61116616 109, 4.

sine 13,4. 61, 61. 66. 213. 636.

, 36 44 46 64 290 66, 34. 91,6

singula 113, 4.- 86, 2.

singultim 64, 131.

6111611129,15.-11 12, 1. 45, 8.
11.-1647, 1.

sino -is 30, 10, -11 17, 17. 88, 3.
-am 64, 222. -11 48, 2. -6166 24,
6. 61116 66, 91. 61116 61, 158.

sinum 4, 9. 44, 14. -u 2, 2. 37, 11.
63, 43. -us 61, 53.

8111111631, 1. 12.

6ΜΜΜ

61111621, 11.

61111 25, 3.

611164,4....6192011,2..57.

. 9. 44, 5. 67, 25. 76, 161611).

Smyrna of. Zmyrna.

soccum 61, 16.

,666612624

666161 57, 9.

¹Socration 47, 1.

sodalicium 100, 4.

66111116 10, 29. - 12, 13. 95, 9*.

. ·i 35, 1. ·es 41, 6. -111116 30, 1.

147

sodes 103,Ι 1.

661 62, 41. 63, 39. 66116 64, 271.
66, 3. 6616 23, 14. 63, 67. 64,
354. 661665, 4. 8,3. 8.

6611616111112, 7.

661611117,26.6-1168,72.

66166 23, 26. 25, 8. 61, 40. -16 2,
4 39 18. 41, 8. 61, 91. 67, 40..
97, 8. -ent 63, 52. -611161, 3.
-611111164,386.113,1. 661616
74, 1. 661111 34, 23. 68, 154.
-am 64, 79

661116 64, 45.

sollerti 64, 294. ,

6611161116 66, 24.

66161· solatus 38, 5.

silum 68, ¹¹⁰·50 68,100. 163,

66111111 (adu.) 67, 31. 83, 5.

66166 6611111111 61, 53. -116111 64, 350.
-11112,1.3 -11116 36,.2-1161664,
367. 67, 28. 6111631, 7.

solus 45, 6. 1,62 64. 64, 184.
68, 129. -um 66, 596- 64, 299.
72,1. -11113,10. 64, 200. 67,
42. -o 111, 1. -164,57. 154.
-16 37, 3. 4. -161, 147.

somnus 5610. 63, 42. ·um 63, 36.
-,ο64 56 122. 68, 5. -os 64,

sonipedibus 63, 41.

· 661111 pus63, 74*161. 661116).- u51, 16.

66116-11 63, 21. -ant 64, 2736
-111111111 34, 12.

sopionibus 37, 10*.

3111166311 1311, iao.

sordida 12, 5. ,

6616164, 301. 89, 2. -em 100, 3.
-6 64, 290. 88, 1. -66 64, 325.
66, 51.

‚sospes 64, 112. -116111 64, 211.

16111111-6634, 24. ¹

spatium 63, 90.

spectat 51, 4. -ando 64, 261.

speculae 61, 32.

specus 61, 18.

spernere 28, 25. 6111611164, 386.
,spero -611164, 180. -6164,144. 67,

44⁴5. 15111191, 1. -abal 84, 3.

-arel 61, 44*. -are 64, 140. 380.
spes 64, 186. spe 64, 177.
spinosas 64, 72.

,splendent 64, 44.

10*

 

