INDEX VERBORVM

noeis eveum Luculouls Asuufflscvs (6) suumve EST

immmqueQm.

63, 61. 64, 11136118. 66, 86.
6111166661.) 3, 8. 4, 23. 15, 6. 9.
23, 16. 31, 2. 46,10. 60, 26. ‘
61, 68. 104. 141. 226. 62, 36.
63, 68. 92. 64, 116. 189196.
360. 65, 2. 66, 26. 32. 63. 16.
61, 11. 68, 4. 14. 124. 15811,

4. 16, 8. 81, 2. 91, 4. 96, 2

uQeQeQmQ5.Q
mmemmm

66, 86. 81, 3. 102, 1.
abducta 68, 103.

meQQmmmm.
Qmummumw.
66666666

-116 32, 6. -1666 68, 85.
6666116122, 11.
66166 24, 9. abiectis 88, 2.
abiegnis 64, 1.
abitum 64, 218
abiunctae 66, 61.
abluit 88, 6.
abruptum 68, 108. -16 68, 84.
abscondis 61, 206.
6666166116 68, 101.
666161611 99, 8.
abstine 61, 143. ·nere 61, 143.

absum abest 23,16 (die). -616 63,
-6666 66, 32. 61, 38.

69. 60.
61616 66, 1516.

absumens 64, 242. ·sumpti 65,14.

abusum 16, 4.

66661666616.6
11161666166
116666666,6
m,e.Qmwmem

36. 8486126141. 218. 229.

accideret 14, 3. ·dere 96, 2.

accipiunt 110, 2. -161 36, 6. 64, 313.
-ipereut 64, 393. -ipies 13, 9.
accipe 64, 326. 68, 13. 101, 9.
acceptum 3616. acceptummdi.)
96, 1. -16 96, 6.

accubans 61, 111.

acer 661162 4. 661161 45 16. 83.

6661666896. 666816166135.

6661111664, 359.

Achilles 64, 338.

Achiuis 64, 366.

aciem 63, 5664, 121.

661116 (uel -a) 21, 4.

Acme 45, 2. 10. 23. -11161145,1.21.

acquiescimus 31, 10, -6612, 8.

66111663, 5. -116 63, 24.

ad 3,10. 4, 24. 6,11. 9,3. 10,1.
16. 26. 31. 14, 13. 11. 21, 0.
23, 18. 26, 1. 2. 4. 21, 6. 31, 9.
32, 3. 39, 2. 4. 46, 6. 48, 3. 61,
3. 18. 42. 212. 63, 12. 20611).
41. 52. 5616. 64, 3. 86. 121.
211. 66, 63. 61, 14. 22. 68, 69.
86. 88. 101. 16, 4. 95, 5. 1. 101,
2. 8. 115, 6 (bie).

addebat 61, 45. -dent 68, 153.
-1111616166, 36. -de 23, 18. 56, 21.

adeo adit 63, 30. -661 61, 183.
-irem 63, 54. -1611 8,16. -11163,
3. 14. 81.

adeo 64, 25.

adhortans 63, 85.

adimo ademit 68, 31. ·empte 68,
20. 92. 161, 11.-6111616111 6893.

adipiscor adepta 62, 51. 66, 21.

adium Q 2643.

adium 66, 40. 16111 66, 41.

233. 289. 366. 66, 60. 11,1 ,61. 111666616161.11166616).

atque 61 simul ac.

611616666164, 61.

 

