dum- emori

-cis 65, 3. -cia 64, 210. 66, 13.
-ces 46, 9. dulcius 68, 166. -
, 99, 2.
dum 21,12. 44, 9. 10. 14. 55, 22.
. 81,161. 62, 459111). 56 (111).
QUQMQRQU
99, 1. 5. 114, 5. 6. dum modo
114, 18111-(111111 (111111.)61, 1.
63, 1 .
duo 113, 1. 3. -obus 62, 64. duae
. 41, 1.
duplex 68, 51.
duritiem 66, 50.

Durrachium 3,6 15.
111111113021603 os 16
11. 3-63, 40. 111123, 21.
dux 61, 44. 63, 32. 66, 61. ducem

63,34.111163,15.

Ι11,.,.,.1111111’11111.,11
1.1,1Η11111

114 244. 251. 218. 291. 65, 20.

66,8..,.6858804111,2.1.
ex.

ebrioso 21,4*.-111111 21, 4.

ebrius ·ios 45, 11.

ebur 64, 45.

1111111116, 13.

ecquid 88, 4.

ecquidnam 28, 6. ecquonam 10, 8.

edera 11. lredera.

ederigerae 63, 23.

nido edunt 35, 15. edebat 91, 6.

cdo edidit 412, ede 55,15. 11111
64, 306. editu 95, 2.

educit 64, 90.

’ 1111111·11162,41.50.

affero extulit 62, 29.

’ 1111111110,1*. efficias 16, 14.· -cies

efligi'es 64, 61.
efflabant 64, 263.
effluxisse 65, 18.
effossos 108, 5.
effugies frgm. 3*.
effusis 64, 391. .
egelidos 46, 1.
egr-eo -eat 114, 6.
Egnatius 39, 1 t-i 31, 19. 39, 9.
ego 10 1-6. 14 4 16, 1. 14. 22,
455, 25. 511,.;.6635158.62.’
6391111111).84(111).68.69(111).

117

64, 24. 116. 149. 164. 196. 218. .
221. 65, 10. 86, 25. 31. 12. 11.
86. 68, 25. 40. 86, 2. mei 10,
31. 63, 50. 69. milri 2,11. 3,
15. 1, 1. 9, 2. 5. 10, 3.- 818.
25. 32. 12, 6. 11.15. 15, 5. 11,
1. 21, 1. 25, 6. 28, 1. 35,11.
RQ3Q4½8QQ
15. 51, 6. 55, 10. 29. 32*. 63,
15. 65 (bis). 66. 61. 64, 140.
188. 215. 211. 219. 66, 82. 68,
1.9..15 19. 20. 31. 35. 51. 11.

= 92143159 160. 10, 2. 13, 5.

16,..,.ζ.ζ.2021111881911
95, 9. 101, 5. 6. 103, 1. 104 2.
109,1.110,3.118,31115,1.
10, 21. 1410. 21, 11*. 21, 2.
30, 8. 31, 5. 31,11(1111). 51, 1.
1. 61, 43. 88, 158⁸. 12,6.18,28.
’11, 31111). 83,1. 92,1. 99,13.
101,4.11110,1.11.28.29.
31. ·,.,1212131..,145 151.
16,.313. 28,9.39,.35.1.
31, 8. 38, 2(111111111111)41,2.
42ζ.;344 13. 15. 21. 48261,
196. 84, 132. 111. 1821111111).
200. 85, 1. 66, 1. 18. 19. 33.
55. 63. 69. 13. 15. 16. 91. 61,
14 68, 912. 3336 41. 52.
13,.816,1..,.,923918922.
911. 99,...4511 102,3.4.
104, 1. 111110, 25. 13, 1. 28, 3.
55,32*.11119,11. 50,9. 63, 15.
61, 11. 68, 159 12, 2. 81, 2.
92, 2. 101. 1. [me mc 21, 11*].
- u. nos.
egredientem 64, 114. egressus 64,
egregium 61, 29. ·ias 64, 348.
egressus 6,4 185.
elreu 36, 6. 64, 61*. 11, 5*. 6*.
ei (intericcl.) 68, 92. 93. 11, 4*.
eiciunt 105, 2. eiectum 68, 3.
electos 64, 18. electissima 36, 6.
elegantem 33, 8. -te 43, 4. -tius
13, 10.

r eleua 24, 9.

elleboro 99, 11.
111111112916.
1111111151, 5.
Emathiae 64, 324.
emersere 64, 14.
emori 52, 1. 4.

 

