· 128

tego -git' 04, 2. -gas 22, 0. legi
44,12. 21*. -11 35, 13. -istis 16,
13. 16611 64, 4.

tego legarat 66, 57.

tantu -irem 116, 3.

lanis -1661 64, 84.

1661161 84, 8. -166 68, 64.

1666 103, 4.

16616628, 10.-11 61, 106. -ti 64,
200. -166 64, 183.

166616 66, 65.'·ni 45, 7. -6161163,

lepide 36, 10.

lepidus 18, 2. -16611, 1. -du6,1l.
-dissima 18, 1.

leporem 16, 7. -616 50,1. nrum
12, 8. -ores 32, 2.

16661143, 7. 58, 1011). 2. 70, 1.

. 83, 1. 86, 3. 87, 2. 02, 1. 2.-
5,1. 7, 2. 51, 7. 72, 2. 75,1.
107, 4.

Lesbius 79, 1. ,

16111666 65, 5.

16111616 64, 304.

111εέ619-ῑί 64, 140. -tum 64, 187.
8, 1.

leuamen 68, 61.

linis 61, 101. 66, ab. -ue 63, 20.
- 54, 3. 63, 8. -61 64, 0. 64
84. -6161 72, 6.

76611 -ui 64,317.,-611 64, 332. 66,

liniter 46, 10. 64, 273. 312. 84, 8.

1166616116.

lex 27, 3.

libelli 1,8.·1616 t, 1. 14,12.·116
55, 4.

libenter 31, 4. 44, 6.

liber 64, 402. 84,5*. —era 68,103.

tiber -brum 44, 21. -bri 22, 6.

11661 64, 300.

1166184,5*.

1661611116 20, 15,

116616 63, 80.

libert -ros 61, 67. 212. -116 61, 213.

libito 64, 147. frgm.2*. -tline 17,
5. -tlinis 45, 24.

1166 -661 66, 82.

libet u. lubet.

libonis 64, 3.

librariorum 14, 17.

libratum 64, 314.

libyi 45, 6.

Libyssae 7, 3.

lego ·.· loquitur

libystinis 66, 1.

16611634. 21,12. 55, 21. 61,
101. 67, 38. -ceut 61, 146. 148.
-ueat 66, 11. 100, 5. -6616 31, 4.

licini 50, 1. 8.

lignea 23, 6.

lignis 36, 8.

7116 quiam 2, 13*.

Liguri 17,10.

ligurrire frgm. 2*.

liminis 32, 5. -men 61, 161. -rnine
67, 38. 68, 4. 71. 6111616365.
- 64, 271. 66, 17.

limite 68, 67.

limpidum 4, 24.

lingere 07, 12. 08, 4.

lingua 1,12. 61, 0. 108, 4. -16155,
ἒξ. gg, 44. -143, 4, 08, 3. -16

, .

linqunt 64, 35. liquisti 64, 133.
liquiere 64, 2401166611 64, 123.
linquere 61, 21. 62, 3. liquisse
31, 6. linquens 64, 50. 117. 287.
linquentem 61213. linquentis
64, 216. linquantur 46, 4. liu·

162611ῗὲ112, iii -6676 4, 5. -61 12, 3.
64, 225. 243.

liquefaciens 00, 6.

liquentibus 31, 2.

liquidi 63, 46. -16 64, 2. -16 64, 162.

tis lites 67, 47.

111611161 14, 0.

litoralibus 4, 22.

litus 11, 3. 64, 184. -16116 63, 81.
-166 4, 1. 35, 4. -1616 64, 52.
133. 65, 1. -161164, 121. 172.
ΜΜἏἎἏᾺ

liuidissima 17, 11.

1661611 64, 202. -1161 64, 47. -1661
65, 21.

16611066 66, 54*.

1666166163,61.-9,1. 63, 3.
14, 70. 8116616 63, 55.

locutio 61, 127*, ,

lunge 11, 3. 22, 3. 46, 10. 64,215*.
ffiffiffiffim

longinquo 64, 345.

1661666141. -6 86, 1. -61616,
13. -0 11, 1. 80, 4.-11 40, 8.
68116. 16, 6. -6 66, 35. 68,
ὢὴη3ωῆ

loquellis 55, 20.

loquitur 63,17. 83, 6*. -quatur 68,

 

