1414-

1414 64, 110. 366.

1411444485, 1.

forte 14, 24, 55,1. 62, 54. 65,18.

forti 64, 339. ·1ins 66, 28.

fortuna 6,4 218 101, 5. 44 64
222. 68,13. -468,1,

forum for’o 10, 2. 63, 66.

10444 11, 19. -

10444122, 10.

1044114 28, 21

114314446,8*.-144144168,141*.

frango fregisti 68, 21, 6rangens
64, 109 fractum 10, 22.

frater· 1114 655 66, 22. 111 121
68 91 93. 11441 1003 14105
10. 68, 20. 21. 92. 1912610.
-1144 64, 399-9, 4. 18, 1.
111, 4. tribus 31 2.

1141414468, 19. ·um 166,.4 ·,064
399 101, 9. 464, 181.

fraudando 1101.

fremitu 63, 82.

fremo ·mit 63, 86. -

frequens 44, 13. -4144 63, 65.

frequentat 64, 32 -tant 61, 31.

11411 64, 14*. ·,144 18,

111444 23, 22

frigerans 61, 30.

frigidulos 64, 131.

1113111114·444,13·-68,29.

111344 44, 20. -3414 23, 14. -3414

frondatorum 64, 41.

frondosum 64, 96,

frons 110444 64, 293.

11444 34, 194. ·ntem 31, 10.

1144114 55, 19. 114, 4.

1144114 21, 1. 62, 13. 64, 103. 260.
68,1,..111121165

fmstrantur 66,16. -are161r 64, 115.

(smol frugibus 34, 20.

1444 61, 49.

1411414 54, 5¹¹.

14344 64, 186.

143118, 66. 12,4. 63, 89. 64, 183
·144169,10.143144,14,4311
10, 29. 31, 11. 143414 63 86.
1431444 63, 42. 04, 58. 68, 43.

sugo 143441 68, 2414341441 64,

fulgebat 68, 134. -geremus 66, 01.
14144148, 3. 8 fulgentem 66, 9.-
68,11. 1413441464, 381. fulgenti

Gellius

fulgeret 66, 94.
fulgore 64, 100.
1414014 64, 100*.

⁴ fumantibus 64, 393.

funditus 64, 93.

144444166, 11. 1444144164, 321.
1441444 64, 125.

fundar 14444 44, 1.

1444414164, 201.

'funestus ·am 64, 234, -ἴι 64, 246.

sonis -nem 64, 114.

funus ·nere 64, 349. -nera 64, 83
(511). 401.

furfures 62, 34. ·rum 33, 1.

furcillis 105, 2.

1411114444 63, 31. 54.

Furius Furi 11, 1. 16, 2. 23, 1
(-141). 24. 26, 1.

11110-141144164, 254. -144144164,
121. -14411 63, 4.

14141 15, 14. 46, 2. 63, 38. 18. 92.
·011463, 19. -ore 50, 61. 64, 191.
405. 0144 64, 54. 94. 68, 129.

1411114 66, 5.

1411144 35 19. 446141. 4-0,41 8.
-44 68, 145.

1011041412123,10*.68,136.
1401.

144441 04, 314. 144164, 321. 333.
331. 342. 341. 352. 356. 361.
365. 311. 315. 318. 381.

141411 11, 5. 91, 9.

1414114444 32, 8.

6111411440.

(Gallo) Gallae 63, 34. - 63, 12.

Gallia 29, 3. ·iae 29, 20.

Gallicani 42, 9.

Gallicum 11, 11.

Gallus 18, 1. 3. 5.

gannit 83, 4.

gaudet 22, 11. 55, 20. 04, 46. 96,
6 444161, 119. 95, 10. -4431,
12 4414 31 13. 4444 64 221.

,266666663⁰³lrr⁸⁸6⁸³166 ¹66,
16. 68, 23. 95. 16,.-6 64,114.
9513668, 123

3444 64, 46. =

341144 63, 53.

Gellius 14, 1. 89, 1. Gelli 901
-86,1.88·,.15.,911.116,6.

 

