108

Antium 64, 11.

anus 68, 46. 18, 16. auum 9, 4.
55115264, 293. 319. 68, 8. -— 64,
1151115561, 28.

aper 63, 12.

aperire 61, 40. apertos 36, 12*.

apheliotae 26, 3.

apisci 64, 145.

apparet 64, 168.

appeto 44, 9. atpetenti2, 3.

applioaust), 8.

approbationem 45, 9. 18.

approbet 61, 221.

aptis 28, 2.

apud 13, 1. 63, 53 (ut). 68, 33.

aqua 10, 4.

Aquinos 14, 18.

515 68, 19. 5115 64, 132*. 393.

Arabas 11, 5.

aranea 68, 49. -arum 13, 8.

51555555 25, 3.

araneus 23, 2.

515115 11, 24. 62, 40 -tris 64, 42.

5111111151118,1.

arbitror 39, 8.

51115115 64, 41. —eur 61, 35. -cs 61,

arca 23, 1. 24, 5. 8. -5551 24, 16.

5111514516. -erern 68, 53. -ens
04, 191. -enti 62, 23. - 64, 124.

51115128. 62, 29.

arena 5. harena.

argento 64, 44.

Argiuae 64, 4.

Argiuorum 68, 81.

arguet 64, 322.

argutatio 6, 11.

argutus-15 68, 12.

Ariadna 64, 54. 253.

Ariadneis 66, 66.

aridulis 64, 316.

aridum 23, 13. -65 665) 1, 2. -dis

aries 25, 5*.

5115155 64, 353. -115 48, 5.

5115515564,396.

Arrius 84, 2. 11.

5155115 64, 51.

Arsinoes 66, 54.

articulis 99, 8.

artus 51, 9. 64, 363. 364. 16, 21.

arundinosam u. harund.

Antium — aucupium

aruspicium 90, 2.

aruum arui 115, 2. -5 62, 49. -5
64, 354. 114, 3. 115, 5.

aru arce 64, 241. 51555 64, 8.

ar assis 5, 3. 42, 13. 5555 33, 8.

gria ·ae 46, 6. 68, 89. -am 66, 36.

Asia 61, 22.

Asini12,1.

551115 91, 19.

aspectans 64, 249*.

aspernata 64, 301.

aspiciam 65, 11. -155 61, 111. -115
62, 12. 16, 19aspeff5151.

mmfflffl

555 due 45, 4. 61, 234‘. 92, 4.

assiduus 66, 88. -5 85, 1. 68, 55.
-os 64, 242. -is 64, 11.

Assprio 6, 8¹⁸. 68,144. -155 66,

513, 13. 8, 14. 19. 10, 14. 21.
21, 5. 28, 14. 30, 11. 36, 18.
443. 45, 16. 50, 14. 61, 63.
68. 13. 196. 232. 62, 3654.
59*. 63, 81. 64, 43. 58. 139.
160 241. 251. 369. 65,11. 66, ,
25. 95,1. 16. 116, 8. 11311531

515139, 12. 93, 2. atro 108, 5.

Athenis 64, 81.

Athon 66, 46.

atpetenti u. appeto.

5151155,1.6,2.12,2.13,3.21,
9. 23, 21. 26, 5. 36,1. 31, 5.
12. 39, 12. 19. 45, 3. 56, 6. 1.
58, 3. 61, 131. 63, 61. 64, 16*.
44. 84. 93. 139. 295. 224. 315.
QQQAAQQAA
82. 166.141*.152(151).13, 6. 15,
2. 16, 11. 11, 2. 3. 84, 6. 88, 1.
96, 4. 91, 10. 101, 10 (515). 193.
4. 161, 5. 169, 4.

5151112312. 31, 9. 61, 31*. 68,

5115555164, 41.

attero attritus 6, 10.

attingit 91, 11. -garu 39, 13. -gat
89, 5. attigit 22, 15. 64, 15.
-155111 61, 29. p

Attip 63, 1. 21. 32. 45. Attin 63,

attractis 15, 18.

attributus 22, 26.

auarae 110, 1.

55515161, 2.

aucupium 114, 3.

 

