uitis -

6.-104, 1. -am 63,11. 16,
19. -i 45, 13. 109, 1. -i 64, 161.
216. 66, 10. 68, 24. 96. 106.
101, 8. 109, 6.

6111661, 101. 62, 49.

nito -666 63, 33. ’

611166 64, 309.

61616 10, 33. -11 101, 1. -imus 68,
34. -61 11, 11. 89, 2. -amus 5,
1. 6166 8, 10. -ite 61, 233. -666
68, 84. 160. 111, 1.

uiuus -6 68, 160.

- uix 31, 6. 62, 2. 66, 68. 68,121.

616166116611, 6. 611644, 11.

611664, 232. 68, 126. -166 4, 3.
·666,12.-16, 3. 81, 3. -os
46, 26. -6 4, 22. -16 99, 6.

ulmo 62, 64.

uini 11, 13.

ultima 29, 4. 88, 6. -i 11, 23. -ti
4, 16. 29, 12. -66 10, 11.

61166 88, 1.

6116668, 40. 116, 1.

6161611666 63, 24.

ululo -at 63, 28.

Vmber 39, 11.

umbilici 22, 1.

umbram 64, 41. -66 63, 41. 66, 66.
-1666,13.

umquam 22,16. 23, 23. 48, 4.
64, 334. 16,11. 81, 3. 92,1.
101,1.

666 21, 6. 31, 8. 66, 18*. 68, 22.
23. 94. 96.

unanimis 30, 1. 66, 80. unanimos
9, 4.

66611 29, 4*. -tt 29, 22. -tius 10,

undu 64, 13. 361. 66, 6. -su 11, 4.
-66 64, 2. 128. 210. 281. 96, 5.
-66 31, 13. -is 64,62. 166. 161.
186. 68, 3.

6666 3, 12. 14, 22. 64,121. 61,

undique 42, 2. 64, 234. 301. 68,

unguen unguinis 66, 91.

unguentate 61, 142.

unguenti 66,18*. -666 13,11. -16
66,18*.

ungui 62, 43. -ibus 25, 9.

66166 61, 228. 100, 6. unicum 39,
6. 13, 6. 6661662911. 64, 1.
64, 216.

66611

666

unigena 66, 53. -um 64, 300.

unquam 61 umquam. .

unus 1, 6. 22, 10. 61, 111*. -6 6,
6. 68, 36. 82. 120. 16, 16. 86,
6. -61631,11. -166 6, 3. -1 (gen.)
11, 11. ·i (dat.) 45,14. -um 10,
11. 16,13. ’13, 6. 113, 3. -am
45, 21. 68, 2. 62, 32. 66631,
11. 666 46, 23. 61, 1. 68, 136.
96, 3. 101, 1. 116, 4. - 1,10.
61, 16. 661668, 141.

6666116666 41, 1.

6666 -6144, 21. uret 4, 20. 6666
61, 31. -666 6, 11.

661611166 66, 21.

661616 66, 24.

uolitabat 64, 261. -ure 63, 25.
-untem 64, 9.

6616 6, 16. 10, 26. 11, 8. 23. 36,
6. 44, 10. 61, 216. 616 16, 12
(quantumuis). 46, 6. 66, 21. 82,
1. 89, 6 (quantum uis). 98, 6.
66118, 9. 61,209 (6611). uolumus
61, 18. 661661 66, 32. uelim 35,
2. 66111 12, 8. 69, 2. 16,24.
6616666 8,1. uellem 54, 4. 661166
6, 3. 661161 64, 138. 84,1. 66161
61, 104. 6616161140, 8. 661611
64, 302. 14, 6. 66116 12, 2. 8.
13, 1. 16, 3. 93, 1. 6616616 61,
646914.

6616 nolemus 46, 6. 661666 4, 6.

uolturium 61. 66116616.

6616616611, 13.

66166 -ebat 64, 260. 6616166 68,

66166166 16, 1.

WWQLQQL

numer ·ere 64, 40.

uorago 11, 11.-66166 11, 26.

uorax 29, 2. 10. 61, 8. -661666 33,

66661 88, 8. 108, 6. -61611 36, 1.
-are 80, 6.

666 21, 6. 41, 6. 66616 3, 13. 28,
14. 31, 3. 9. 42, 22*. 64, 338.
68, 46. 666 16,1.14. 41, 3. 64,
24 (616). - 14, 21. 16, 12. 31,
1336, 18. 31, 1. 61, 36. 18611
64, 199. 326. 66, 19. 68, 46.

666166 61 666166.

6616 61, 6.· um 36, 2. 16. -6 4,
22. 64, 104. 66, 38.

66611 36, 4. -666 36, 10.

 

