116

diffututa 23, 13.

6111111112, 3. 23, 23. 111143 3.
63, 10. 64, 313

dignor· -nantur 64, 461.

611111168131.-11166,2.-1

digressus 64, 116.

, 6611111161 64, 162.

diligentius 11, 16.

diligis 6, 6. -git 12, 4. -gst 16, 23.
dilexi 12, 3. diligere 81, 2.

⁴ 6111111611.

. 6111111164268. -mittere 64, 216.
68, 81.

ltindimenee 63, 13.-

Dindymus -mi 36, 14. -mei 63, 91.

Dionae 66, 6.

dirigere 63, 66. 6111111 22, 8.

dirus -1164, 113.

discedebant 64, 211. -116111164,

discernens 64, 113.

discerpunt 64, 142. ·pent66,'13.

discidium 66,· 22.

61111-11136, 2. -cet 21, 11.

discordis 64, 319.

discrucior 66, 16.

discupere 166, 2.

disertus 12, 3*. tum 63, 6. diser-
11111116 43, 1.

dispereunt 14, 11. -111132, 2. 4.

dispexit 66, 1

displicere 64, 4.

dissolbe 66, 68.

distinctos 64, 36.

6113213. 28,.3 61, 126 132. 261.

6111 ’,26 6* 64, 8. 66, 64. 68, 16.
-ee 63, 26. 64, 41. 2’12. nin 64,
313. 66, 83. u. diuus.

1111111111 diuolso 64, 261.

6111111146, 11.

diues 114, 1. 6. -1111 61, 32.

diuidit 64, 113. -isimus 62, 16.

611111 64, 321. 383.

diuitiis 68, 121. -1111 24, 4. -1111
116, 3.

diuus diuum 64, 333. diui 66, 18.

68, 163. diuum 64, 21. 134. 238.
381. 66, 63. 16, 4. 611113616.
⁴ 64, 163. 268. 66, 33. 68, 141.
61111612. 64,464. 36, 661111

62, 30. 64, 136. 68, 116. 11. 6111.
do 611 116, 4. 611 14,3. 611114,

6111111111 - 611111

6. 28,16. dabo 13,11. -611116,
8. bunt 36 8. dedisti 64, 133.
dedit 44, 3 68, 68. 146. 161.
-derunt 62, 66. -derit 64, 366.
68, 61. 611111 244 616,1. 11,
1.61,131.136.146. 611161, 212.
611123. 61,61.12. 6613.
616111164,214.61111111361.
datur 62, 66. 68,141. 6161164
162. 6111 62, 63. 168, 4. 611111
28, 8. 6116 116, 6

611111 66, 13. 68, 118. 6111668, 86.
-6111111, 1. 66, 2. 611111136, 11.

6111121,16.18,1.116313
-1611 8, 14. ·1111611 34, 13.

6111111 2, 1. -ri (-111) 36, 6. -nem
60, 11. -re 66, 1. 36, 2.

delus -lns 23, 16.

domins 34, 3. 68, 166. -11 63,13.
66,16. -1113,16. 36, 14. 61,
31. 68, 68. -6 63, 31.

dominus ·i 61, 32. 123. 61, 38. ·0
46,14. -um 61, 8. -11 63, 61.

dumo -itnm 68,118*. 11164 116.

domus 61, 66. 166. 63, 66. 64, 46.
284. 334. 68, 2234. 34. ’166.
frgm. 1, 2 611111 64, 246. -um
336131 63 26 36 6432
136. 61, 24. 46. 68, 68 14. 144.
-0 4616. 63,68.32. 86, 3. 114,
6*, 6111131, 1432, 1. -os 64,
36. 384.

6111 1, 1. -11111 161, 3. -srnnt 13,
12. -111 62, 23.

61111116434213. 66, 86. 68,14.

111111 64, 281*.

dormientis 11, 13.-1616, 6.

61116266.

dubito 168, 3. -111 30, 3. -11 61, 18.

dubius ·0s 64, 216.

6111111 31, 1. -111 26, 4. 31, 8.

ducenties 23, 14.

6111-111 8, 2. -cebet 8, 4. duxti
31, 3. -111111 16, 2. -1111 64, 23.
166.· ducentes 64, 321. 333. 331.
342. 341. 362. 366. 361. 366.
311. 316. 318. 381. .

dudum 64, 314. .

6111111111.) 61, 6. 61, 213.

611111 66, 6. 68, 24. 36. -11 68,
61 166. 166, 4. -111 36, 2. 46,
11.11611.111164126.68,
18.-1113211164161. 116.
66, 33. 68, 1. 33,.2 ·11118, 3.

 

