150

tabescere 68, 55.

tabulas 68, 122. -is 28, 6.

tacet 7, 7. 92. 1. -eat 61, 126.
-erem 21, 9. -eret 83, 3. -ere
6, 3. 12.

1111111167. -ο 102,1.·1“1 62, 37.
-1164,104.

taeda 66, 79. -anr 61, 15. -1164,
meffi

taedet 73, 4.

taetrum 76, 25. -11 60, 3.

1111112919.

Talasic 61, 134.

taiento 12, 7.

11111 17, 21. 61, 91. - 61, 226.
72, 7. -e 68, 66. -em 61218.
-i 62, 59. - 64, 201. —- 64, 335.
-11 64, 82. 66, 47. -es 64, 334.
4071 (is). -ia 64, 157. 214. 321.
382. 84,9 11111164, 265.

1111164008.

111112,1’1.3,71.56,13.7,9.
10, 18. 32. 22, 17 (5111. 23, 24.
60, 3. 61, 213. 66, 75. 68, 77.
97. 119. 86, 4. 89, 1. 215111. 3
(bis). 104, 3.

1111111110, 14. 24,10. 39,15. 42,

·· - ”. ’1,82. 64, 103.
1601111111111. 188. 2491. 65,
15. 68, 135 (tamenetsi). 143. 72,
6 79,3 101,7. 115 7

tamqnam 25, 8. 99, 10.

tandem 62, 2. 68, 121.

tangat 68, 151. tangam 21, 8. te-
tigit 63, 2. tetigere 63, 35. teti-
gissent 64, 172. tangere 89, 5.
tactus 11, 24.

tantillum 99, 6.

tantum (adu.) 67, 40. cf. tanus

111111111111117,20.

1111116631.-1,.87311111019.
·111115,15. ·111115,13.14,7.
22, 11. 37, 12. 68, 53. 125. 72,
387,.1 ·,ο55 14. 68, 107. 81,
1. -49, 6. 96, 5. -1131,11.
65, 15. - 65, 4. -

Tappone 104, 4.

tarde 64, 272.

tardet 61, 81.

tardipedi 36, 7.

1111116119. 71,2. -1111166,67.

1111111066, 34.

taurus 64, 40. -i 63, 10 (-11). 61,
230. -ο 64, 173. -cs 64, 389.

tabescere - terra

Taum -o 64, 105.

te( (sufficerat) 30, 7 (tute). 101,5
tete.

tecti 64, 115. -ο 64, 184. ·134,
20. 64, 37. 75. 246. 276.

tegmina '64, 129.

1151-116449.116844.111165
12*. 66, 72. -111150,10.-11111111
51,11.1111164,256.

1111116849.

Telemacho 61, 229.

tellus 64, 205. 397. 65, 7.

11111111·ο56,7*. -1 116, 7. -is
116, 4.

mmw3fflw

Tempe 64, 35. 285. 286.

tempestate 64, 73. 66, 11.

templo 55, 5. 64, 387. -1 66, 63.

temptare 11, 14.

tempus 62, 3. - 61, 162. 63, 57.
·ore 35, 13. 62, 57. 64, 22. 31.
731 151. 169. 171. 66, 35. 68,
15. 85. 113. cra 61, 6. -oribns
66, 4. 60.

11111161, 34. -aci 17, 26.

tendo tenta 80, 6.

mmmmm-&w

tenebricosum 3, 11.

tenellulo 17, 15.

1Μῆῆθψώωῆ
17. -ebat 64, 209. -nit 64, 28.
67, 4. -ere 2, 2. 72, 2. -ens 45,
2. -entem 64, 238.

tenero 35, 1. -am 61, 3. 63, 88*.
-11111 62, 51. 69, 2. -167,21.
-as 61, 218. -1161, 104. 63,

1111111519. 89, 1. ·111168,19.
-1662,43.-64,113,1164,,

tenus 64, 18.

tepefaciet 64, 360.

tepefactet 68, 29* (11. tepeisxit).

tepidi 64, 282. -1 63, 65.

tepores 46, 1.

teres 64, 363. - 61, 181. -eti 64,
314. - 6165. 262.

11181122, 21. 64, 339. a,63 10.

1111111111 112111116131.
tereretur 68, 115. cf. tritus.
1111161,73.68,100.1163 7.
1111681571. -1139,17. 64,153.

224. 389. 66, 40.

 

