118

emulso 89, 8. -sa'r 68, 110.
116612. 61, 166.
11161) 10, 26*. 12, 8., 36, 17. 63,
enitens 61, 21.
ao it 3, 11. itis 33, 6. eat 17, 4.
61, 163. iuerat 66, 12. isset 68,
86. 84, 11. i 63, 18*. 111 61,
123. 63, 12. 1319. ire 17, 0.
61, 83. euntem 36, 0.
11 (adu.) 66, 61.
Eous 62, 36* an 11, 3
ephebus 63, 63
epistolium 68, 2.
equidem 168, 3.
equits 66, 54.
1111111111.
Erechthei 64, 220.
8111111611 64, 211
cripit51, 6. 64, 210. -pui64, 160.
·puisti 77, 4. 6. -pite 16, 26
·pere 82, 3. ereptum 65, 8. -
6,8, 106. -ereptis 66, 26.
1111111164113.
errans 61, 36.
error 22, 20. 64, 115. -oribus 83,
Ι erudituli 57, 7.
eruit 64, 108.
Erycina 64, 72.
esurire 21,10. ,
esuritione 23, 14.· onum 21, 1.
111,.,124.*.1 103,. 4,.6
13. 14. 18. 21. 5 4 6 0(11).
.161082103311112,
61611 13,6(111·.) 1412.
164161201411216.
26. 21, 11. 22, 2(611). 8923,
. 3(61.1). 6. 14(611). 17. 21. 26.
26, 0, 12. 26, 4. 21, 6. 28, 2. 6.
20, 2 (611). 4. 6. 6 (611). 0. 10
(611120. 31, 6. 32, 4. 10. 33,
2. 7. 34, 2. 15. 36, 0. 10. 31, 6.
15. 16. 20. 38, 2. 3(611). 42, 4.
6. 10. 24. 43, 8. 44, 12. 13. 16
(611). 19. 45, 11. 47, 1. 3. 51, 4.
16 (611). 64, 2*. 3. 6. 66, 31.
66, 1. 2. 4. 57, 4. 58, 4. 61, 34.
01. 157. 204. 211. 222. 224. 233.
62, 2358. 63, 11. 63. 54. 60.
68. 64, 3. 62. 131. 18. 160. 262.
201. 386. 66, 49. 56. 65. 61,16.
. 24. 21. 36. 68, 4. 10 (611). 46. 62.
11. 00. 166 (61.1). 156 (61.1). 157.

emulso - exoriente

160. 10, 4. 12, 4. 6. 14, 4. 16, 12.
10. 26. 18, 10. 80, 3. 8. 81, 6.
83, 4. 6. 84, 2. 3. 8. 85,1. 2.
88, 2. 00,2. 3. 01,1. 06, 8.
01, 4. 010. 08, 2. 4. 100,1,
101, 1. 4. 102, 4. 103, 2. 4. 100,
4. 110, 41. 112, 2. 116, 6. [Et-
eri 54, 2*].

etiarn 63, 7. 61 (61.1) 64,55.170.
68, 01*. 138. 13, 4. 97, 4.

, Etruscus 30,11.

111166, 111, 136.12,6.

euantis 64, 391.

euersus 86, 43.

euhoe 64, 61¹¹. 266 (611). ”

euirastis 63, 17.

euitamus 116, ’1.

Eumenides 61, 103.

11ο111111 66, 14.

Europae 68, 80.

Eurotae 64, 89

114,16.18,1416,3.11,6.18
35, 14. 60, 17. 60,4 62, 62.
64 60 69. 13*. 01. 126. 241261.
302. 66, 8. 66, 60. 68, 36. 146.
76,622 87,.,..49613 99,
013. 100, 4. 111, 4. u. e.

exagitans 64, 04.

exarsit 64, 03.

excelso 61, 363.

excidit 66, 25.

excipio 16, 13. -piet 64, 364.

111111-11130,3.-111111,’24.40,

excitus 61, 11. -a 64, 66. -am 63,

excrucies 76, 10. -iare 99, 12. -ior
85, 2.

excutitur 66, 22.

cccco execta 108, 4*.

111111 66, 23.

ecco exis 80, 3.

exequor executae 63, 16.

exercet 71, 3. -cereruus 68, 69.
-eete 61, 235.

exerta 108, 4*.

exibita 100, 65*

{ffssffi‘ssg ⁶62⁹, e. 1.

exilrunr 33, 5.

1111111164, 26.

'enorum 11, aaa. -11 111, a.

exoluere 64, 77.
exoriente 64, 211.

 

