122 gemelle - hic

3111111111 (11). -1111, 1. Habes o, 15. rr, 1. -et 14, 11.
3111111151, 11*. 1163, '15. 89, 1. 1. 78, 1. 97, 6. 114, 2.
gemunt 66, 18. mens 65 14. ,115,1.-111123,13. -111116,7.
3111116356.62,13-1111136,6.-111129,.4
31111133, 24. -,1162 65. -,111724 -eres 66, 5. -1111 16, 7. habuit
genetrix 63, 56. 73, 6. babel, 8. habere 10, 23.
geniale 64, 47. 25, 8. 29, 3. 67, 31. 37, 8.
3111111161,27.161. 33, 6. -1111 babitare 69, 6.

61, 117. -orlbus 68, 59 Hadriae 36, 15. u. hdr.
31111111 34, 21. 11 79, 2. 3. -111 haedo a aedo.

191,1. 51111111164,316.-1111121, 6.
3111111163123.Η111116131111161,23.
genus 68, 62. 66, 48. - 61, 227. 1111111117, 3. a-'64, 57.

61126, 114, 3. -61, 2. 61, Harpocratem 74,4. 132,4.

23. -uere 68, 52. harundinosam 36, 13.
germanum 64, 156. -uam 91, 5. haud (bault 29, 8*. 61, 16*. 339.
gero eritis 23,1. gesserat 66, 14. 66, 35.

3111111161, 9. 64, 54. 235. Hebe 68, 116.
gestis 51, 14. hedera 61, 311. ederigerae..
gigno genui164,154. gignatur 96,8. hei u. ei.
gingiuam 39, 16. ·as 97, 6. Helenae 68, 81.
3111111161, 112. Heliconiei 61, l.
glaebam 64, 46. helleboro u. elleboro.
glubit 58, 5. Hellespontia frgm. 1, 4.
gnatus 96, 5*. gnati64, 226. 67, 23. Hellesponto 64, 858.

36. -11111161,213. 1111115.111111111111111111.

216. -1193,3.-11“164,113.-11111111 hendecasyllabos 12,16. -11142, 1.

64, 349. -tos 72,1. u. natus. bera(era) 64, 395. -111 69,1’8*.
Gnidum u. Gnidum. 68,186.era68, 92.
Gnosia 64, 172. Η1111111 55, 13. me hercule 88, 2.
Golgos 86, 14. 64, 96. berea 64, 316.
Gortynia 64, 75. Ι1111161, 137. ·
grabati 16, 22. ⁴ berilugac 68, 51.
gradietur 11, 3. heros 64, 848. -rourn 64, 51. 385.
Graeca 68, 162*. -111164,23.
6111166,53*. Grai 68, 199. 1111111 beri 68, 114. ·-r0 61, 116.
grandia 89, 6. -111111, 19. -ro 81, 12. -111 63,
31111144, 16. 76. -ris 68, 73.
gratias 49, 4. Hesperus 62, 32. 61, 323. -1162,
31111163, 5*. -111112,11. 68, 6. 26. 26. 35.

96, 1. 137, 2. 3. 1111111153, 1. 64, 377.
grauido 44, 18. grauedinem 44,19. heu 64, 91. 77, 5* (bis). 6* (5111

« grauis 13. 68, 62. -ue 68, 22 -ui 161,6.

17, 25. -ues 23, 9. Hiberi -rurn9, 6.·1111 12, 14.
3111111173, 5. 11151111-,129 16.-1312364,
3111111167, 33. 63, 132.-113,.3 227.

,,45 2. 61, 53. 217. 65, 26. 66, hiberna 83, 2.

56. 68, 146. hic 6, 9*. 23, 21. 57,-8. 64, 175.
gurgite 64, 1413173183. 65,5. 76, 3. 97, 5*. 3. 166, 8. haec
guttis 99, 8. 64, 53. 68, 46. 152. 76, 15. 83,
31111111118,5.2,11111,8. 14,16.31,11.12,
gymnasi 68, 64. -siis 68, 60 (gu- 15. 68, 84. 71, 3. 76, 15. 16.

minasiis) 88, 6. 34,ι 2. 97, 3. 166,3. 167,
gyro 66, 6131111). 2. 3.11111121,3.45,11.61,64.

 

