ualde —

1111116811. 69,1.. .

111116, ’12. -1111 23,1. -,11111
..11 1’1118,12.161,16.-11114,
21. 6, 9. -11189, 2. -111111
61, 234. 111 16, 25’ -11111 116,

11111 68, 59. 69, 6.

11111111164, 199. .

1111164111. .

11111265. .

uariabant 64, 351. 1111 64, 56,

11111 61, 91. 66, 59 -11 16, 6.
-iae 46, 11.

Varus 16, 1. 1111122, 1.

1111111164, 346. -atum 66, 12.

111111 -a 64, 156. -131, 3. -11
64, 121. -1 63, 48.

1111111111 14, 3. -1 53, 2.

,1111111111 52, 3.

uber 16, 5.

111111116611. ,

1111 (111.) 4,.16. 15, 12, 55, 2. 15.
63, 21 (611). 22. 23. 24. 25, 46,
12 (111). 81. 64, 119. ,- (temp.)

.ffifflfflffi .,

ubicumque 33, 6.

ubinam 63, 55. . .

1111661111.. .

-,1141,991111,56,13,,16
14,’4. 36,’6. 55, ’25, 61, ’195
64, 96. 16’3. 91, 3. 96,1,

11111115, 14. -11111116,’ 4.

’1111111111ἒ56ῃ21

115111111631. 161, 1.11111

uel 11, 1. ’,11 1. 111 1111111)
1. 5’5, 11. .

1111111111 64, 3266 .

1111111164, 3’19 326,

uelo -11111 64, 266. -1111164, 293.
- 64, 616

[11111 55, 6*,]

uelum 3 64, 243. -a 64, 235.

11111 11, 22. 11,18, 25,12. 61,
21. 166194. 63,.14, 64165.

> 353. 369. 68, 63.

,111111 63, 33.

1111111649.

1111111111 33, 8.

nendo -11 19, 3, -111 166, 2.

ueneni 23, 19, 44,.12, -um 11, 5.
-114,19 .

111111111 96, 5.

uerso 153

1111111 15, 2.

11111 61, 262. 1164, 85, 68, 64.
1111611161111323 451.
11111’.19111135’.3 98, 3,
-11114, 23,-11162,.’4 11111119,

. 95.1111161,18.68,144.-111111
16,.5 31,9111164122.*

. 1111164’181.131111,1 1-11
36,18.11161122,111168

. 82. ·111111161,’.96 uentum 39,

111111-1111116,1. .

uenter 44, 3. -111 61, 48.

1111111111 8, 4.

wmffiwmQffl

11111111 26, 5. -1 25, 13, 64, 214.
16, 4.-164, 142111115528.

. 64, 233. -1164, 213. 65, 11, -os
36,16. -1164,’1.11

1111111 55, 26. 61, 18. 61. 138 262.

. 66 15. 68 5 1-11161, 44. 63,
11. 6656, 68,16, 1-11 36, 3.
»11111 45, 26, 66, 96. -1111 13,
12,- 86,6. -3,1,

1111111186, 3, .

1111111 35, 11, .

1111111122, 2. -1 69, 2, -um 91,

. ἓ21136-131,12,-1111111

111 ’46, 1,- 68,16.

Veraniolo 41, 3. -um 12, 11.

Veranius 12, 16 119, 1’. 28, 3.

1111111163,’.81

1111111151, 26. 1-198, 2.

uerbum 146. -161’ 15. -,161
98. 66, 29 84, 9.

11118,8.’ 11,19.’16, 5. 81, 2. 166,
4. 169, 3. -ius 44, 5.

1111111111 68, 136..

1111111 11, 2, 11111 15, 6. -ita 64,

1111111111 64,.326. 1164, 366. ·

1111116696.

1111 64, 41. 231. 66, 89. 91, 6.

Veronae 61, 34. - 68, 21. -111

. 35, 3. ,

,1111111111 166, 2.

,11111 28, ,12,
,11111111 41, 4.

uertentes 64, 1. .

1111111111 36, 6. 56, 4. -11 16, 3.
nmo -11111 64, 314. 1111166161.
, -1111 56,.12. -antem 64, 149.

 

