106

admirari 69, 1. 16. -ans 53, 4.
-66166 64, 15.

admouere 14, 26. ¹

adolescens 63, 63.

Adoneus 29, 8‘.

adorta 63, 11.

Adriatici 4, 6. ef. lladr.

odacro adsitas 61, 106.

adseruanda 17, 16.

odeum 66661 62, 1. 64, 285. 336.
-66 61, 11. 62,5.16. 19. 25. 31.
38. 48. (589). 66. -6616 42, 1.

6666616 161, 2. -11 61, 31. -16164,
328. 329. uenit 64, 279. 299.
68,13. -666666 64, 32.

666661616 64, 195.

6666616 62. 33. 65, 22.

6666666664, 128.

66666666 51, 3.

adulter 57, 8.

6661166661, 162.

adulterio 66, 84. 113, 4. -ium 67,
36. 18, 6.

666666166 46, 3.

6666 11, 15.

Aeeteos 64, 3.

Aegeus 64, 213.

aegroti 97, 12.

Aegypti 66, 36.

Aemilio 91, 2.

aemulus 71, 3.

66666116 62, 11. 32.

66666 22,16. ‚

,aequinoctialis 46, 2.

66666 aequabat 64, 315. ·ata 22, 8.

666666 64, 119. -oris 68, 3. 666666
11, 11*. 6112. -666 4,11. -ora
64,21)6.-11. 8. 64, 1. 161, 1.

aequoreae 64, 15.

aequam aequom 62, 69. aequm 68,

6666 66, 53.

66611 68, 51. -166664, 246. -io 66, 6.
1664, 291. -ii 64,:142. -ias 39, 10.

666 6666 16, 8. 63, 18*. 64, 262.

aestimatione 12. 12.

aestimemus 5, 3.

oestuo -ues 25, 12. -uanta 63, 47.

aestuosi 7, 5. -uosae 46, 5.

666166 68, 62. 168. ·tu 97, 7. -us

66166 64, 232. 231. 322. 68, 16. 35.
43. -616 68, 119. 16, 5.

aeternum 64, 316. 169, 6.

admirari - alit

aethera 63, 49.

6611666166 66, 55.

Aethiopis 66, 52.

aeuum 1, 6.

affertur 84, 10. attulit 68, 92.
-16116116 14, 22. -tuleris 13, 3. 6.

6111666692.

aflligit 71, 6.

Airicei 61, 266.

Aganippe 61, 36.

ager 46, 5. agros 68, 62.

aggere 64, 363.

agitant 63, 24. -116163, 18*.

agnoscam 64, 237.

ago 44, 17. -it 39, 1. 49, 2. 49, 5,
-am 63, 71. ·eret 68,16. ages 32,
9. age 61, 26. 63, 78 (516181. 93
(bie). 67, 7. -ite 61, 3863, 12.
64, 312. -itur 65, 23. egi 63,
13. 76, 19. 661164, 391. agens

agricolae 34, 19. - 62, 53. 55.

6114, 2. 15. 53,4. 63, 84.

ala -arum 69, 6. 11, 1.

alacres 64, 254.

6161666116 63, 81.

albulus 29, 8.

albus 93, 2. -6 61, 194. ·um 63,

6166 29, 2. 16.

6166 66, 54. 61116 61, 29. -1111666
64, 152.

6111666361.

alga 64, 66. 168.

algida 63, 16.

611666 68, 1911. - 63, 14.

6116 62, 151616).

aliquis 61,31. -quid 67, 13. 91,19.
-quem 73, 2. -6616 1, 4. 64, 145.
-66622,19.

aliunde 61, 153.

aliur alia 68, 1521616), -iud 42,
16. 82, 2. -16 64, 16. 251. -166
64, 261. -166 23, 11. 63, 931616).
mmamama-ffl
66286116 29, 15.

Allius 68, 41. 66. Alli 68, 56. 156.

allocutionis 38, 1. -ione 38, 5.

61166666 65, 9. -6666 161, 4.
-166616 63, 49.

61161165, 6.

6166611, 18.

616 6111 68, 129. alebat 64, 88. 68,

 

