142

(16616661 64, 106.

(1661616116 64, 196 223. -is 64,
130. 66, 10.

(1661661662 63, 61.

(16661662, 3611116664, 116.
(161 (1616113, 11. 10,22.11,22.
12,.114,1.,2212.24,1.28,
1. 33, 14((161 1611611. 14. 44, 21.
46,661, 3. 63261,.3 106*.
262. 62, 21. 21. 63, 36. 64, 30.
36 161. 1831161661. 264*. 340.
66, 1. 2. 49. 68. 67, 36. 68, 69.
111121,161.11,3’.13,6.18,
681,,6881.3’.89,6166,
1. 112, 1*. 114, 2. 1164. (1666
81.0111.31,.1231,11. 36,
12.13.14(1161,1631,11.61
11. 168. 62, 43. 64, 12. 66. 36
(1161. 113. 261. 223. 249. 336.
368. 369. 66, 84. 61, 43. 68, 18.
91* ((1 666661. 126.128*.'135.
169. 16, 21*. 83, 6 86 6104,
2.1,10 8. (16611, 9. 2, 13. 10,
9. 14. 12, 12. 160. 22, 21. 31,
11. 31,16. 38,.4 61, 6. 61, 111.
6666666,6
18. 16, 24. 82, 3. 98, 2. 106, 3.
cuius 64, 369. 68, 26. 162, 2.
- 91, 6. 661 ((1661) 2, 3. 11,
14. 23,1. 24, 6. 62, 60. 64,
26. 213. 61, 9. 21. 41. 68, 131.
89,1. - 61, 38. (16661 2, 2.
3, 6. 4,1. 14,13. 1611. 18.
22,1.19. 31,19. 38„ 4. 61,
82. 62, 31. 41. 64, 60. 186
(quemne). 216. 66, 1, 66, 43.
61,46 68, 6. 31. 148. 13, 6.

’ 19,1. 81, 2. 6. 91,11. quam

66666661.6,
66161666,6
6ω66666666.
666Μ66666
61666666161
666666666,
66666666,
6666666,6.
66Μ66661.6,
6666616666,
6Μ666666
ufflmwumuuwm
mwmwmuuuuu
uwummuuuu
6.6Μ6666161
(66666666

quercum - quis

(1666614. 62,14.63,14. 64,31.
166. 198. 212. 66, 83. 116, 2. -
61, 146. 64,311.16,9. 1611.
quorum 23, 3. 64, 218. 18, 1.
quibus 10, 22. 41, 6. 44, 2. 3.
62, 61. 64, 8. 146 (quis). — 61,
3661133.(166111,18.46,10.
66, 29. 61, 23. 23. 62, 34. 64,
282. 281. 67, 43. quus 55 8.
64,196.66,11.(16661,11.8,
1111*2326 2689 30,
5. 61, 161. 12, 28. 64, 66 66.
142. 269. 266. 261. 286. 326.
68, 24. 31. 96. 163. quibus 10,
6. 61, 36.- 64, 86 (quis). 66,
37 ((1616).

qui (interr. uel 66616111.) 11, 22.
62, 20. 26. 66, 42. 18, 10. quau
8, 16.42,1. 6616611611 (1661
63, 62. 64, 166. quum 68, 51.
(166181, 6.(16610,1((1666161ο1
(161 38, 6. 68, 41. (166 68, 62.
92, 3. quue 61, 116. 61,111.
118. 66, 29. quibus 63, 5'5. 46
(queis). 68, 13 (quis).

(161 (adu. 16161.,12 2. 66, 77. 69,
8. 1166- -(111161·1·63.12’4, 1. 61,
6.661”

(1616 92, 3.

quicumque quodcumque 39, 1. (161·
cumque 91, 10. quocumque 34,
21. (1666666166 64, 280. quas-
6611166362. quaecumque 11,13.

quidum (16661661 55, 11. 69, 6.
ξ6661661,11,8. 61, 46 quasdam

(1611661 31, 16 61. quando.

(1618611626. 60,10. 63, 38. 44.

(1616 44, 19. 61, 106*. 66,14. 16,
11. 168, 3. 112, 1*.

quinam quaenam 40, 1. 64, 164.

(1616166161 26, 4.

6166616963.

2616111186, 1.

Quintiliae 96, 6.

Quintius 106,1.·1182, 1.

Quintus ·16 67, 12*.
(1616(1111616.18,16 29,1((1161. 40,
3 46 26 26. 61, 46. 64. 69. 74.
66, 31. 101, 7. 8. (16119, 11. 10,
631. 20,16 31,1. 62,.14.
62, 30, 37. 67, 316 80, 6. cuius

 

