, iungit -

iungit 78, 3 111111 66, 79 -61111
66, 66. -11111 66,66*. 6116166,
69,-61116676.

1661161,16*.

1611664,14. 68,138.

1116611114,60,67,6.64,66. 70,
6. 166117, 6. 34, 6. 66, 6. 68,
140.166111176,6.166611111 7.
64, 171. 66, 30. 48.

161111 64, 146. -anti 64, 143.

1111 1611 66, 16. 71, 1*. 166, 6.
161166,66.66,83,

iustificam 64, 406.

1611111161 64, 666. ’

11111111-1116 64, 190.

1661611 63, 33.

iuuenco 64, 667. -oi 66, 66. 66.

. 61164, 68.

mmfflfflmfflffifflw
64, 614-6161 64, 181. 611 64,
4. -6616 100, 6. -611 66, 6. 64,
‘16.- 66, 1.

iuuentam 61, 636.

1661611461. 81, 1. 99, .¹ 166111-
1161611164,1.

16616161 66, 46

· 111116·616161,196. -6111160,6.

-uerit 61 , 603. 68, 46 (tis).
1111116166, 18.
iuxta 66, 66*.

11161111111 69, 3.

labello 61, 660. 64, 164. ·a 80,1.
-QMthQMQ

11166 -6161163, 37.

laboriose 38, 6.

laboriosis 1, 7.

laboro -111 67,17. -rant 66, ,14,

1166166, 16. -orem 64, 319. 11,6
6. -ore 31, 9. 66, 14. 63, 36.
64, 161. -6111 14,11. oribus
31,11.

11611868.

· labyrintheis 64, 114.

lacessas 16, 16.

lacrimis 36, 8. 68, 6.

lacrimo -mantibus 63, 48.

lacrimulis 66, 16.

lacteolae 66, 17.

lacteo -tentls 64, 66.

1111111610. 31, 16. -cunr 4 64.

167

111161

6111116666.

laedit 69, 6. -11111 44, 6. 60, 61

1111111183,6.·11176,66.

1111616676. -116116164, 11611
-tanti 64, 33. 661.

11116131, 4. 61, 8. -1164, 119*.
-16 64, 6.36 366. -ti 46, 8. 64,
393. -1164, 141. -11619, 11.

111614, 19. 64, 311. -uum 66, 77.

Lampsaci srgm. 1, 6.

11611 64, 318. -1111 64, 311.

lancinata 69, 17.

11616666, 10. -nea 64, 316.

langore 63, 67. -11661 66, 61.

languenti 64, 99.

languescent 64, 166.

languidulos 64, 331.

languidus -o 66, 3. -1 64, 616.
-1116167, 61. ·

Lanuuinus 39, 16.

11611111 63, 61.

11611-1111169, 4. -ide 68,68. 148.

larem 31, 9.

large 64, 6.04

largis 66, 96.

Larisaea 64, 36.

61116111 36, 4.

lasarpicileris 7, 4.

11116111 63, 36.

11111111-116 68, 61.

111164, 109. 666.

1111166, 16. -111166, 34.

11116611 63, 64.

Latmia 66, 6.

6116611 34, 6.

latrans 66, 6.

161111-1664,178.68,67.

1116161,6.·11116,13.

latusculum 66, 10.

Laudamia 66, 74. 66.- 68, 166.

laudemus 114, 6.·11111161 110, 1.

11611 69, 14.

1161111 64, 686.

1161 61, 667. 111, 6. -dis 64, 106.
6164 116.·111661111, 6.

11611 47, 6.

laxas96’, 6.

11116160, 1. 64, 164.

lecticam 16,16.

111111616 67, 7*.

1161611114, 66.

1111616164, 66. -lo 60,16. 67, 7.

1111111116, 10. 61, 116 -16 31,
10. 60,11. 68, 6. '

 

