120

11111111111163,53. -11164, 162.
-111 114, 3. u. 11111.
sero fers 119, 4. 1111313111111
2, 11. 64, 34. 212. 2110. 61, 5.
, 68, 109. -1,1144 20. 61, 43. 63,
19. 66, 41. -11129, 5. 9. 18, 9.
-11114,13.-11111168,136.1111
99, 3111166112.1111114,99.
283288. 1111616341. 11411111
28, 5. 63, 16. 16,18. 1111111111
66, 35. 11111 30,19.55,13. 64,
22268118.154.11111114,19.

1111 -11111111

613111111 62, 52. -11 25, 11.
11131111 61, 42 ’
1113 1116111 55, 9.
6131161161,25.·11,116 8*. 68,
13.11111168139.144*.-111111’

1111111114 164 9. 191. 239 212.

1111111151, 11). 61,118.109,1.
·am64, 92. -162, 21. 99 6
6111111111 61, 8. 122.
6111111166,3.·11 64, 347.
61111611111164, 291.

11111161, 26. 64, 113 111111 1111164,269.1“1126,2.

62, 29. 64, 19. 61, 79. 68, 191
69, 5. 114, 2. 11111 55, 24. 63,
58. 68 -aris 67, 7.

ferox 63, 78. 83. 64, 13. 241.

11111163, 85. ·,161 56. -111163,
40 066 5 163, 51. 7-64,
14. 1163, 89. u. 1111

11111111 11, 26. -11 42, 11.

111113111 64, 221

1111111166, 50. -,164 369. 66,
42. 47.- 64, 355.

feruida 64, 218.

Fescennina 61,121.

11111 64, 189 131, 9. 11 64, 366.

111111 64, 388. 66, 99.

111111 65, 3

fidelis 45, 23. -111 64, 744.

1111113611 81,3.1112,2.611111

.39,664,191. 61,8.16,3.

- 6111341.
66111911. 6164 182102, 1.
1131111111 116, 8. 6111 66, 61.
631111 63, 62. 164, 2211. -1164,
50. 265.

66164111.

61111 33, 4. 18, 2. 611 39, 4. -
33, 2. 8. 31, 18.

filum -1 64, 113. 311. 311. -164,

6131155, 23. 6111 110,1*. 11111
62,·36.

finio 111111 64, 31.

11111·111121,13.1164,211
-1161161,13. 66,36. -11164,
3111161412.

11111122,5.68,34.611166,93.
611 154 3. 611 115. 6111802
61111118, 6. 611113, 2. 85,2.

“ u 11111.

Firmanus 774, 7.
61111162,41.-111162, 21,

6111111164, 354.

11111161.

111111 61,33, -166,62.·168,
139.- 64, 63. 98.

61611166, 22.

111111 1111111111 64,303. 1111111164,

16161139,5.61,83.111111196,
4.1111161,86.611113,18. .

1111111 39,.3 fletu 66, 63*. 68, 55.
1919. tus 64 242 11611995

6111111164336.

1111161164114. ’·

6ο1111164,251.

floridulo 47, 193.

1111111111-6168,16.11161,51,
-1161, 21. 63, 66 ·

flos 17, 23. 61, 93. 62, 39. 63, 64.
190,.2 6111116246. flore 77,
74. 64, 492. 6111164282. 6111-
bus 67, 6.

6111111124, 1.

1111111164, 62. 65, 4.

fluctu 66, 63*. -1111 64, 61. - 64, 3
84, 11. -11611 64, 98. 68, 13.

611111111164, 52. ·

1111111111 64, 68.

fluminis 64, 281. -1161, 33. -11
64, 89. - 64, 360.

1111168, 192.

fodisse 68, 777.

6111116411..

foedus 109 6 foedere 64, 335. 313.

11111116611 111111 64, 405.

11111 32, 6.

1111115,12.1ο111161168.

1ο111164,115.

1111111141, 4. 43, 5. -11 51, 4.

formo formabat 64 313.
formosa 86, 1. 3. 5. ’

 

