140

55151155

pristina 66, 38.

55155 cf. plior.

pro 31, 11. 36, 2. 31, 13. 56, 1*.
04, 81. 152. 157. 66, 33. 31,
68, 150. 16, 26.

proba 42, 24. — 55555 22, 1.

probro 91, 4. ·ra 61, 103.

procax 61, 126.

procedunt 64, 213.

55555115 25, 4. -ae 64, 59.

proceras 64, 289. -is 64, 261.

procliuas 64, 210.

5555555511 60, 3.

555551 63, 92. 64, 60, 108. 215.

procumbere 64, 389.

procurrit 65, 29. -555 64, 128.

prodeas 61, 95. 96. 100. 110120.
551 88,1.

prodere 30, 3. -115 64, 190.

producere 109, 5*.

proiani 64, 260.

55515555 64, 196.

5551151555 42, 21. -ere 42, 23.

proficiscor -lecti 45, 19. -155155

proludit 64, 202.

profunda 17, 11.

progenies 66, 44. 34, 6. 64, 239.

progignunt 64, 89.

prognatae 64, 1.

proicies 55, 19. -et 64, 310, proi-

nillssrffitfii, 555,

promisti 110, 3. 55511555 64, 146.
109, 3. 5515551105. -uaittens
64, 104. -551555 64,59. 139.

prona 64 109. -555 17, 23. -56,4
40. 313 65 23 508 59 562 51

55555 (praep.) 34, 1. 63, 88. 68,
98. 109-15515.)64,1.61

555555155155563, 34.

propero· 555 68, 101. 5515 63, 30.

propinqui 41, 5.

proponis 99,15. 169, 1.

Ρ5555511154, 9.

5555515 101, 2.

5555155 64, 281.

’ proscidit 64, 12.

prosequens 59, 4.
prosilit 65, 22. 68, 58.
prospectans 64, 52. 249,
5555555155 64, 241.
55555555 64, 231.
prospicit 64, 61. 62.

- nunni

prosternet 64, 355. -strauit 64, 110.
prostituit 116, 8.
prorum prodest 13, 4*. profuisset
551111585611
protenderet, 64, 127. -dens 66, 10.

rotesilaeam 68, 74.

prouincia 10, 19, 43, 6.

proximus 661 94.

55551188, 2. -iat 16, 9.

5155516555) 51, 10 (555515).

pubes 64, 261. 68, 101. -is 64, 4.

pudentem 15, 2*.

pudenter 15, 2*. 13.

pudet 6, 5.

pudice15,5.

pudicitiam 61, 224.

pudicus- -a76, 24. ·,o2l 12. 55
116 5 -urn16,.4 542, 245

55515161, 81.

555115 3, 1, 8, 4. 1. 11, 14.15.
35, 8. 36, 9. 31, 11. 41, 1. 3.
51.,.,.698184 -,552,.13
3,.141164,319. 1812
11. 10, 16. 21. 11,15’. 13,11.
56,.5 am 6223. 64,91.5
812 35,16,43,1. 51341
36 2 5534, 24. 55, 17. 62,
421 44. -arurn 37, 4. -is 62, 47.
-ae 55, 10. -15 89, 3.

puellulae 61,182, 555 61, 57. 188.
-arum 57, 9.

555512,9.21,11.63,63.5111,
12. 45, 11. 555 15, 5. 555521,
1.,6495. 518410615
³4, 21 3. 62, 42. 44. -1515, 10,
16,16. 61,128.131.62, 47. 1

puerperis 34, 14.

puerperium 11, 48.

pugillaria 42, 5.

pugna 62, 59. 555 62, 60, 64. -ata
31,13.

55155561, 198. 19, 1. 3. 55155155
61, 88, -cerriura 64, 28. 86,5.
- 6,8 105.

551555 23, 5 8. 51,1, 10.

55151555 64, 41.- 64, 266.

puluinus6, 9.

551515 66, 85 -5515 61, 206. -ere
642241

pumice 1, 2. 22, 8.

puppi 64, 6. -es 64, 172.

 

