’126

insulsa 16, 33. -51 37, 6. -sissimus
11, 12.

insultans 64, 169.

1515515 62, 45. 56.

integellum 15, 4.

integri 34, 2. 3. ,155 61, 36.

151517, 5. 68, 97. 169, 2.

1515155 14, 21. 36,18. 64, 365. 95,
3.161,7Γ

15151551 168, 2.

interfice 69, 9.

interiorem 35, 15.

1515111568, 25.

151551155 77, 3. 168, 6.

intimo 61, 177.

1515111 64, 235.

15115 66, 17.

1515561, 171*.

15555155 89, 6. 162, 3. 555155 68,

15555556 12, 5. -1515 16, 4. 36,17.

inuicto 64, 264.

1551111164, 176. -1515 5, 12. -uisa

155155 31, 4 -5515 64, 384. -5551
64, 233. -55515 66, 26.

15511566, 39. 46. -064, 219. -515
&ffl-ssffiwwffi

inuocat 61, 52.

155515511 25, 6.

15551525, 11.

15 3, 161.ι 61, 124. 144. 149. 154.
159.164.169.174.179.184.
189. (in 55515115 legitur aliis
5555551551555151. 61)

1555115 61, 1271.

1555115 21, 5 -5112,6.

1555553616.

’ 1555555-556,4.5,.15561-18,.6

¹ 1555515 62, 47. 66, 82 -um 169

-,99.,68 16.·156,.-1651
67, 1631 -um 68, 93. -564,
161. 284. -646, 3. -115162, 26.
- 64, 215. -11551155 14, 2.

iocus 155515 423 56,6. 55122.

Ionios 84, 11. 12. 5. Hionios.

ipse 17, 22. 22, 17. 31, 5. 55, 9.
61, 57. 62, 6661. 63, 85. 64,

, 21. 26. 27. 81. 267. 248. 283.
67, 4. 36. 68, 13. 76, 2. 71, 6.
76, 25. 88,.8 114,.6 115, 7.
15552, 9. 63, 45. 56. 64, 9 180.
65,4. 66, 51. 75, 2. 94,2. 167,
5. ipsius 64, 43 67. 68, 146.

insulsa -

iugum

ipsi 44, 26. 74, 3. ipsum 16, 6.
21, 16. 74, 5. 161, 5. ipsam 3,
7. 74, 3. 95, 7. ipso 59, 3. 68,
146. 159. ipsi 76, 18. ipsis 16, 9.

1556111532, 1*.

1155168, 139*. -55 64, 194.

1155551 38, 6. -scire 54, 6. 11515
83, 6.

11165161, 29.

11111536, 16. 64, 59. 142. 66, 85.

111515511555 21, 8.

1115155151 16, 12.

immo -mei 74, 5. -15565 >16, 1.
14. -15551128, 16. -51515 37, 8.
-155155 21, 13.

15 16, 36. 66, 35. 55. 67, 27*. 68,
67. 68 (Ins) 147. 88,1. 3. 89,4.
1123, 21. 68, 9. 36. 98 2 99,
7. 5155 64, 1691. 84, 5. 51 823.
551517, 23. 63, 43. 5515 42, 6.
16.64,122.1(116,.9 17, 22.
21,9.16. 66, 19. 68, 38. 7616.
78,7.9 851. 91:8..99'93
169, 4. 55 29 11. 23. 35, 14.
55151563, 54.

15154, 11). 17, 21. 22, 1. 39, 26
71, 3. 81, 3. 615 29, 13. 41, 3.
1515111628. 1511 14, 6. 24, 5
61,12*. 1515 14‚2.28,4. 1515
28, 16. 98, 3. 15155 16, 26. 15,
7 1515 61 148. 86, 1. 116, 7.

isthic 15155 67, 15. istaec 61, 37.

6115 37, 14. -6115576,11*.

11561, 196. 63, 44. 49. 71. 64, 84.
ἓ15. 66,18. 67, 9. 68, 37. 75, 2.
7,1.

italorum 1, 5.

itaque 63, 6. 35.

item 61, 36

1151 3, 11. 34,18. 64, 359. 68, 66.

1151551 66, 93*

1151554218 54, 6. 64, 23b 113, 2..

1155164228

1151516614.

iubam 63, 83. ·

1565127, 3. -65655 36, 7. 64146.
15555115 32, 4. 1565 32, 3. 156515 ·
32, 9.

iudicem 61, 19. .

153511564362

1555151161.

iugo· -gand'um 64, 21.

iugum-3163,33'. ι551568, 118
-554, 11. 3³63, 76. 84.

 

