0-000100000

9000000000,1.
14, 1. 16, 5. 28, 9. 31,1. 12.
13. 33, 1. 34, 5. 36, 11. 42,13.
43, 8. 44, 1. 46, 9. 66, 1. 61,1.
4. 5. 39. 40. 49. 59. 59. 69. 111.
111. 124. 125. 144. 145. 149.
159. 154. 155. 159. 169. 164.
165. 169. 119. 114. 115. 119.
189. 184185189. 199. 61, 5
(bis). 191911). 19 (bis). 25 (bis).
31 (1111389111481111). 58Μ
(bis). 66 (bis). 63, 19 (111) 64, 22.
23. 313. 66, 39. 87. 67, 1. 68,
19. 16, 11. 26. 88, 5. 191,6.

Oarion 66, 94.

0111101018,11.-108,11.19.

0110 obierim 63, 62.

obesus 39,11.

obitus 66, 2.

obiurgare 14, 1.

oblectent 68, 8.

obliteret 64, 232.

obliuisceutibus 68, 43. 0111110039,
stbffinQ3an
-1064,298.

obloquitur 83, 4.

obscoeno 68, 99.

obscuretur 66, 3. -1010 64, 221.

obscurus -0 64, 259.

obseres 55, 21. -01 32, 5.

obsidens 64, 345.

0911110 -011111 11, 1.

0110110010 8, 11.

obsum -est 13, 4.

obterit 65, 8.

obtingo optigit 197, 1.

obuius 45, 7. -ia 64, 199.

0000000166, 61.

occidentis 29, 11.

00011115, 5. ·,110105 4.

occupati 15, 8.

Oceanus 64, 39. 88,.6 -001 115,6.
-061, 89. 66, 68.

ocelle 31, 2. 59, 19. ocelli3, 18.
ocellos 45, 11. 59, 19. 0001110 43
2. 64, 69.

001000 89, 3.

0010 19, 29

0001161, 11*.0-09,9.48, 1. 63,
31. 82,.1 1985. -103,0. 14,.1
63, 39. 48. 64, 11*. 65, 8. 82,
2. 4 (111). 194, 2.

0111851. -100001 14, 3. -isse 68, 12.

odio 66, 15. ,- 14, 3. 63, 17.

135

011010 64, 284. 68, 144. 71, 6. -100
901104001Ί11,1.-1068,54.

offero Ι01110111 66, 54. -10101 64,
οὥ10000000

42. 159, 119, 1*.

offirmas 16, 11.

0100110 61, 7 {suane olentis).

0100111- -ei 6,3 64.

01100100 13, 13. -01001 97, 2.

01110 64 76. 212. 67, 4'41. 68,
153. 96, 4.

cliuum 34, 8.

01100 6, 8.

0110 94, 2.

0111101010 94, 2.

Olympo 62, 1.

0111011 -iue 61, 166.

omentum 99, 6.

omniuo 98, 5. 6.

omnipotens 64, 111.

001010 93, 92, -e 66, 48. - 1, 6.
63, 99. 114, 3. -i 99, 12- 91, 9.
-16, 11. 00 21 18. 131. 31,
15.16’. 411910). 64, 398. 61,
14.6,.91 -1011,8.19,8.54,
4. 64, 186. 1811111). 495. 68,
1390.158.13,3.16,9.18,9.
89, 3. 194, 5. 115, 1. -101011,
19. 29, 7. 49, 511. 1. 58, 99.
-11100 61, 111. 163. 84, 7.— 86,

,,6.- -64, 119. -00,5 3. 31, 11.
45, 4. 51, 5(001010). 55,19. 58,
3.68,1511.,.-985 55,168
26. 86 6 -103, 14. 11,13. 14,
19. 11, 19. 21, 6. 29, 14. 39 9.
61, 16’3. 63, 6'4. 64, 66. 66, 1.

, 15, 4. 11, 4. 194,,4. -00 31,15,
16 41,1.1-11009, 1. 13, 5. 55,
4. 631, 213. 66, 11*. 99,8.-

00101001168, 149.

0000 31, 8. 63, 33. 68, 142.

onyx 66, 82. 83.

00000 31, 19. - 63, 3. 31.

00011311.

operit 63, 37. -ire 67, 49.

oportet 19, 4. 99, 3

00001010164, 192.

oppido 54, 1.

oppletur 61, 33.

00000110 16, 1. ,

000100000 68, 1.

 

