1119-

69. 74. 63, 74* 66 2411111194,
24.umiunuffiuiuu
66, 6. 6,3 78. 64, 86 294. 69,
776 25 109,.’,.r3211666m'
1,1. 1191191917, 23,18. 37,14.
56, 21. 62, 53, 76, 29. 91, 6.
1199 4, 6. 6, 5. 12, 4. 14,8. 17,
7. 22, 12. 24, 9*. 29, 1, 36, 9.
45, 8. 17. 56, 16. 67, 31. 68, 2.
19. 44. 149. 76,14, 26, 199, 6.
1199595. 76,6. 84,.7 91,2
(611).11’9922,13.167,7* hnc
39,18. 21. 119991-1191) 64,
326 119994, 25 64, 232, 76,
8115, 7. 1191911124, 2. 68,
129 1191911121, 2. 64, 256.
1119 16, 16. 63, 37. 64, 126. 367.
hos 64, 283. 19964, 262. 161,
2, 119994,14, 11,13. 12,16.
13, 6. 22, 9. 23, 24. 24,9*. 29,

. 6. 9. 53, 4. 61, 146. 63, 11. 27.
58. 84. 64,136. 139, 146238.
292. 65, 16. 67, 42. 68, 26, 32.
gg, 81.5 86, 2, 161, 7. 111914,26.

1119(111111)6 9* (heio). 16, 21. 24.
27, 7 44, 13. 55, 12111919). 64,
269. 66, 71, 67, 37 39111919).
68, 28. 63. 116, 6*.

[1111111999 66, 69¹9.

1119111968, 82. -111911195,2.

111191161, 11

1111919 91963, 8.

hino 14, 21. 27, 5 63,74*. 68,16,
133. ’116,6.

1111916199 84, 2, 4. u. insidias.

Hionios 84, 12. u. ionius.

hircus 71, 1. ·cos 37, 5.

1119999 98, 6.

hiulcat 68, 62.

11911961, 137.

homo 17, 12. 22, 2. 24, 7. 67, 47.
78, 3. 6. 81, 2. 93, 2. 112,1 (611). ,

115, 8.. 1191111111 76, 2. -ines 36,
6. 61,48. 76,7.-19111113,2. 7,
8. 9, 16. 36, 4. 64, 69. 96. 396.
-ines 16, 26. 45, 25. 68,141.

76, 4. -11119 16, 16.

horu 86, 4. -911199,3. -,1“162 36.

64, 191. 99 383
horrebas 64, 169. -9111119 14, 26.

1191111111981616,1-911114,1’2.26,

51911 111. -1164, 264,
1191111994, 8. -111 64, 265.

iam*

horrificans 64, 279

Hortensius 95, 3.

11111191· 1919 64, 396.

hortulo 61, 92.

11911111 -119 62, 39,

hospes 64, 176. 81, 4. 9111196912.
-119 64, 98, -1199 4, 1.

hostio 68, 76.

1191111-19111 63, 77. -199 62, 24.
9111919, 339.

1999991119999
8. 9. 26. 341611). 49. 64, 195
(611). 68, 36. 169. 75, 1.

1191119999 64, 29.

1191916963, 87.

1919111964, 39.

humore 61, 26.

1191991961,14.

hyacinthinus 61, 93.

hydroohoi 66, 9'4.

Hymen 61, 4. 5. 39, 46. 49. 56. 59.
69. 124. 126. 144. 146. 149. 156.
164. 155. 169. 166. 164. 165.
169. 179. 174. 176. 179. 189.
184. 186.189. 196, 62, 5 (611) ,
19 (611) 19 (611) 25 (bis). 31
(6111ὸ381611). 481611). 58161611) Ι
66( 11).

Hymenaeus 62, 4. -999 66,11.
-9999 64, 291410-—Hyn1enuee
61 4699 49 49 69 6969
124. 126. 144. 146149. 169.
154. 155. 169. 160. 164. 166.
169. 179. 174. 176. 179. 189.

. 91999999999
.1991.999199)9

(bis). 38 (611) 481111). 581*(611).
1196616ῠ61999115,6.
Hyrcanos 11, 5.

999999
19999 32, 19. 9-91 7,.4 17,19.

9911911656, 15.-99196, 6.
19919- -91911163,23. 1991164, 244.
1991919111 64, 257. -99119 64, 97.

-9111911164,111.-911968, 63.
iam1,.,689..,.12191'30,.23

(eu).,'.,.’..44184n1218.6,6

13, 61, 97. 1311183191. 292.

62, 3. ’4961 18 (beo) 62 (611)

 

