114

1111112319. 97,4.-1111191,2..12
-,ο33 4 -61 98, 4.

111111(11111”1111111ὀ)1.1’11111“1.1,5 2,
5.5,..,.,5167184.14.13,
13. 22, 16. 25, 5. 31, 8. 39, 3.
5. 44, 21. 62, 43. 46157. 64 4
237. 243. 365. 344. 356. 363.
66, 2311466111. 52. 79* (quoru)
89. 67, 4. 68, 8. 32. 69. 62121.
16, 2. 86, 3 (bis). 84,“4. 16. -
86, 5 (curu¹ - tum). - c. con-
111111. 4, 23. 5, 13. 17, 14. 22,
9. 53, 2. 59, 4. 64,86. 161. 212
388. 392. 66,41. 68, 16. 37. 53.
75. 199, 7. - 95, 3. 64, 169*.

111111(ρ1·1111111,17.23,5.6.28,
4 468 61, 19. 166. 62, 59. 61.
65. 64, 53 112. 252. 298. 329,
67,3..,.,.,642172784192.
3’88,1.,’.,9831644166,1.

-(11’1111“<1.)σ’2,2. 9. 13, 343,

7. 56, 13. 62, 12. 64, 391. 331.
66, 77. 68, 22. 23. 94. 95. 69,
8. 9,1 7.112,1.

cuncto 164, 921 -11 63, 82. -111 66,
9⁸. 33. -11 64, 142. 268.

cuniculosae 37,18.

cuniculus-1125, 1.

cunnus 97, 8.

cupide 63, 2. 64, 267.

Cupido 68, 133. -dini 36, 3. -dines
13, 12.-3, 1.

cupidus -ae 64, 147. -ο 64, 374.
76, 3. 167, 1. 4. 5. -om 61, 32.
-o 64, 86. -1 61, 5464, 398.

cupis 17, 1. 21, 4. 61, 264 (hiel).
98, 6. -it 63, 56. 86. -1111164,
266. -1111 15, 3. -lens 56,12.
64161145.

cupressu 64, 291.

ur 1.· corror-

·······

curo 65, 1. 66, 23.-1141511111
62, 16. 68, 51. -arum 64, 62.
-1164, 95. 68,18. -11 2, 16. 64,
72. 266. -is 31, 7.

11111111, 11.

euro -snt 64, 148. -ons 64, 69.

curram 14, 18. 1111111164, 3271611).
333 (bis). 337 (611). 342 (tis).
347 (tio). 352 (bie). 356 (bie).
361 (tis). 365 (ou). 37116111).
375 (tic). 378 (611). 381 (61.1).

currum 64, 9.-11164, 389*.

culus -

deferrem

11111164, 346-161,55,28.·,134
1164, 11.

curuli 52, 2.

11111163,22.·11164,39.14.

cuspide 64, 266

1111161162, 33.

custodibant 64, 319.

1111115523.

Cybebe 63, 84. -bes 63, 26. 35.
61 63 9. 91. (alre Cybelle elles).

Cybele63,16.-les63, 12. 68.

Cyclados4, 1.

Cycneae 67, 32*.

Cylleneum 68, 169. .

mmfflwan

Cyrenisl, 4.

Cytorio4, 11

61111111 -,re4 13.

ΜΨΜημΜΜ

Dar oniae 64, 367.

Daulias 65, 14.

de 11, 8. 23. 31, 17. 47, 6. 59, 3.
63, 44. 64, 398. 66, 14. 39. 61,.
36. 68, 25. 28. 59. 13, 1. 92, 2.
111312.

mmnffissQstfflQ
3. 26. -1 34, 17. 63, 91 (tert.
-ae 28,14. 61, 23. -srurn 66,9*.
-1164, 261. 68, 41.

616111821. ,

decedere 64, 168.

decern 22, 4. 41, 2. 163, 1.

doceo -ct 16, 5. 61, 212. 63, 26.
64, 221*. -161162, 18.-11111 16, 24..

decerpere 68, 121. —pens 64, 315..

decies 23, 26.

declarant 64, 34.

declinauit 64, 91.

decoctoris 41, 4. 43,5.

decorato 64, 265.

decurrere 64, 6.

decursu 65, 13.

61111163,64.-64,18.- 64, 323..

dedieofrgm. 1, 1111416.

dedo dedis 61,58. 6161166, 84.Ι
dedatur 64, 314. deditus 61, 162.

deducens 64, 312. -11168, 143..
15,1.

defendere 64, 229.

deferrem 68, 46. -ferri 16, 27. ou»
leret 68, 168.

 

