carpunt -

carpunt 62, 37. -441144164, 310.
-pitur 68,35. 4141462, 36. ·ptus
62, 43.

carta 36,1. 20. 68, 46. -144 22,
6. -114 1, 6.

Ι444111 -14 62, 45. 47. 58. -1 66, 22.
441441 (karum) 2, 6. 68, 119. -4
66, 32. -4 64, 220. -os 64, 380.
-14 64, 81. -14168, 159. 104, 2.
-144 82, 2. 3. 4. 107, 3.

Castor 4, 27. -41144, 27. 08, 65.

44414464, 87. -44 64, 212*. -414
16, 5. 62, 46. -441 62, 23. -441
15, 4. -o 65, 20. 66, 56. 83. -as

casu 28, 12. 60, 4. 68,1. 105. -54
23,11. 64, 216.

catagraphos 25, 7.

441444 64, 296.

cateruas 64, 396.

0414 56, 1. 3.

4111411429.

Catullus 8, 12. 49, 4. 58, 2. -li
11, 1., 13,-7,. -14 6,1. 119. 38,

¹* 1563, 21. -lum14,13. 44, 3.
56, 3. 72, 1. 79, 3. 82, 1. -le 8,
1. 19. 10, 25. 46, 4. 51,13. 52,
1. 4. 76, 5. 79, 2. -lo 68, 135.

44444 63, 81..

caui 50, 18. 1961, 152. -eto 50, 21.

444444 91, 8.

cauus -ut'r 11, 4. -ui 63, 29. -uas
95, 5. -uti 63, 10. -414 64, 259.

Cecropiae 64, 83. iam 64, 79. -iae
64, 172.

44441 63, 19. -dant 66, 4. 47.
dentem 64, 53. 249. 66, 63.
44441 66, 39.

441444 84, 175.

celebrabunt 64, 259. -1114444 64,
278. -61414 64, 302.

octar -ris 64, 341. -11 63,1. 64, 53.
·rrimus 4, 2.

celerare 63, 26.

'Celtiber 39, 17.

0410541144 37, 18. -beriti 39, 17.

444441 13, 4. 59, 3.-1144 44, 9.

cono nabis 13, 1. 1.

centum 5, 7. 8. 9. 23, 27. 37, 7.
64, 389.

041414 63, 36.

cernitis 62, 6. -441 64, 57. —uens
64, 236. 4144164, 150.

4411414144 64, 340. 394.

111

4144144114

certatim 64, 392.
44114 10, 14. 30, 7. 62, 8. 64, 149. 65,

11. 66, 25. 80, 5. 7. 94,1. 96, 5.
certus -14 68, 113. -114 66, 4.
44144 63, 72. -uae 64, 341.
ceruice 63, 83.
cessarent 68, 56. -4411 99, 12.
4414111 115, 2. -144 37, 5. -14 108,

6. -114 frgm. 1, 4.

444 64, 239.

Chalybon (-441) 66, 48.

4114114 11. 44114.

Charybdis 64, 156.

0111444 67, 32*.

Chiron 64, 279.

chommoda 84, 1. of. commoda.

choreis 64, 287.

4114144 63, 30.

411144 50, 9.

cieo ciebant 64, 262. 41414 68, 88.
4144144164, 131.

01414464, 35.

cimex 23, 2.

4144444 16, 2. 25, 1. 29, 5. 9. 33,

2. -414 57, 1. 10. -41414111 10, 24.
4144141144 61, 138.
cingunt 64, 286. -ge 61, 6. -genti-

bus 64, 185.

41414 68, 90. -441411164, 350*. 101,

4. -44114 68, 98.

01444 10, 30. -nae 95, 1. -nri 113, 1.
4114441 64, 292.

circumcursans 68, 133.
circumdare 64, 311.

circumsiliens 3, 9.

circumsistite 42, 10.

circus circo 55, 4.

cistis 64, 259.

cito citarier 61, 42. -tatis 63, 8.

-1414 63, 2. -14114 63, 18. 26.
41144 63, 30. 42. 74*. -i 64, 6.

-ae 55, 26.

41411121, 5.

clamat 6, 7. -441 67, 14. 80, 7.
41414 66, 9. -11441414 64, 324.
clarisona 64, 320. -as 64, 125.
clarus clara 66, 44. -441 61, 89.

-o 64, 408. -as 46, 6. -rir 64, 348.
414444 64, 53. classi 64, 212*. 66, 46.
41444114 61, 231. 4144444141444414)

68, 67. 414444 55, 18.

41444114 61, 76.
4141114114 -4411 64, 272.
4144144114 64, 137.

 

