05155555 - diffunditur

(15155555 55, 30. 91,1*, -5550,14.

0511551555 62, 51.

05051511 62, 43.

defricare 38, 19. -atus 37, 20.

defututa 41, 1.

degeret 68, 104.

0515 5, 8 (bic). 10.

deinde 5, 7. 9 (015). 103, 2.

delapsa 64, 66.

delectant 103, 3.

delicatos 50, 3. -1151 11, 15.

deliciae 3, 4. (15115155 6,1. 45, 24.
68, 25. 14, 2. -iae 2, 1. 32, 2.
-115 69, 4.

Delius -1551 34, 7.

Delphi 64, 392.

0515555151, 10.

0551555 63, 89.

05515111 64, 354.

05511555 88, 8.

demo -mere 99, 6. -15515 68, 146.

demonstres 55, 2. .

deniqne 16,.1. 64, 118. 362. 95,1.

0555 31, 20. 39, 20. 04, 315. -1551
39, 19. -15 64, 48. -155 23, 4.-
39, 1. 14. 91,51-115). -tibus 91, 5.

05551 68, 60*. -55 64, 353. -is 65,
fflwffl6

dentatus 39, 12.

deperdita 64, 119.

0511511135, 12. -15551 100, 2.

0555555164, 234. -5515 10,13. 25.
-posiuit 34, 8.

deprecor 44, 18. 92, 3.

deprendi 56, 5. -555 25, 13.

0515515 u. dirigere.

derelinquere 17, 25.

derisi 68, 123.

descendit 112, 2*.

deseris 30, 5. -11151 64, 35. 151555
61, 8. 68102. -rtis 66, 21. -tunr
61, 129. 08, 6, -1551 04, 51. -15
64, 133. 68, 29. 50. -ti 64, 187.
-115 64, 42.

0551051152, 5. - 96, 3.

desidero -151 68, 19. -1515 31, 10.

0551515 16, ,12. -555 8, 1. -nat 89,
4. 055155551 36, 5. 055155 21,12.
23, 21. 61, 86. 69,10. 13,1.
103, 3.

desistere 15, 4. 0551111164, 400.

despexit 64, 20.

desponsa 62, 21.

despuas 50, 19.

115

0551155155 8, 19.

dacum ·sint 114, 5. -555515 64, 151.

0515115115 68, 114.

detinet 68, 100.

(1555115551511 63, 5*.

deuinctam 64, 122.

denotet 66, 6.

05551511 63, 5*. -55151551 59, 4.

055515115 3, 14. -515 29, 22.

(1555155 60, 62. -111 64, 135.

0555 40, 3. 61, 46. 66, 31. 055
36, 7. 51, 1. 61, 64. 69. 14. 011 .
13, 2. 14, 6. 28,14. 30,11.
91, 1. 0551515 63, 151 64, 406.
66, 9*. 05551 6368, 04, 23. 66, 63.
(1115 4, 22. (1555 13, 13. 011 14,
12. 53, 5. 16, 11. ,109, 3. (151
16, 26. (1515 10, 12.’

denter -tera 4, 19. 64, 312¹-1ram
64, 230. -tra 33, 3. 45, 9*. 18*.
08, 143 (0515115).

Diae 64, 52. 121.

Dianae 34, 1. -am 34, 3.

dicax 22, 2.

dico -cares 55, 29.

dico 15, 0. 16, 10. -515 68, 9. -511
4, 16. 61, 31. 10, 1. 30115). 83,
1. 92, 1. -555161, 3. 94, 2. -canr
80, 1. foas 35, 2. -551 109, 4.
-cebas 12, 1. -55115184, 1. -ceret

. 14, 2. -5515 68, 45. dixit 45, 8.

11. -imus 67, 43. -erit 67, 37.
-eram 10, 28. -erat 84, 4. 6. 015
6, 16. 30, 6. 5515. 61, 1. dicite

’ ’ 61, 39. 68, 45. dicere 6, 3. 62,

18. 67, 11. 151845. 16, 1.
84, 2. 81, 1. 101, 8. dixisse 64,
130. dicentem 67, 43. 0151111561,
141. -51151 10,15. 01, 10. 24.
68, 126. 98, 2. 100, 3. -555151
64, 2. diceris 8,11. 55151624.
015198, 1. 01515 34, 14. 16. -
15, 5.

dictum dicta 11, 16. 30, 9. 64, 148.
65, 11. 015115 66, 13.

0155 61, 38. 94. 109Ι 119. 199. 68,
152. 01515 61, 89. 68,148. 015
14, 14. 41, 6. 50, 1. 61,11.118.
80, 4. 0151551 14,15. dies 38, 3.
dicbus 13, 2. 64, 388.

differtus 12, 9¹1,

difficile 76, 13. 14.

diffissus 91, 1*

diffunditur 64, 358.

8*

 

