- Mum 35,11.

132

mortalis -

nebulas

mmmmuwmmffimmm

64, 11.

mos9, 8. more 68, 131. 161,1.
-115111 168, 5.

1111164361.

1111111115,15,·,11ι113 8. -111 15,
11. -11116,11. -111161, 161.
-1111145, 21.

111111115311.

Mucillum 113, 5*.

mugiles 15,19.

mugio· -111111 63, 85.

mula 11, 56. -ae 91, 8.

mulcent 65, 41.

mulctam 14, 196. 64, 196.

mulctantes 64, 195.

mulier 55, 5*. 63, 51. 63. 68,128.
16, 1. 3. 81, 1.

mfflmmwmm

111111111168, 128.

multus 115, 1 151115. -um 59, 5.
161, 9. -0 91, 1. -ῐι 64, 115. -ο
45,15.68,156.15,.6 853
83, 5. -165, 45. 55 (bis). -11
65,45. -11,1.,.8616,.5 -11
68, 45. 86, 1'.- 6'4, 263. 66, 9*.
1164553. 91,9. 1611 -u
5,.161,.9 14,6. l6,12. 58,
14. 61, 516. 66,18. 68,11. 161,
1. -is55, 31 66, 19. 68, 36. 99,
1,- 68, 156. efip ius.

11111111 -le 83, 3.

munditiem 53, 18.

mundus 64, 566. -1 41, 5. 66, 1.

mundus -dior 91, 4. -dius 91, 3.
-ι1ἰο11ιιι 53, 18.

municipem 11, 8

munus 1111111115, 15. 1111111114,

· 9. 11,1. 61, 43. 68, 149 munere

14, 2. 61, 534. 65, 19. 66, 38.
69,3. 161,3. 8. -111 66, 82.
68,16.35.154. -111511166,95.

munuscula 64, 163. 68, 145.

muros 68, 86.

-ue 68, 1. 165, 5.
11111165, 3. 68, 16.

muscoso 68, 58

11111155, 11. -1111166, 31. -11115,
8. -auda 42, 22. ιι’-1ἴ1 61, 1.
·111111199,13.-11165,35.

11111111614 161186. e·is

1111111111- -uu 56, 11.-1114550.

myrtus 61 , 55. 1116111 -1111 64, 89.

111145111161
mmmumm4uu
ummumummu
mmmumumma

mmmmmumu,u
mmmmmmm.m
mmuuuwwuu
1
1

14,5.,161..18,39.86,3.8,
1.’,.’,.’,.963915991166,
1131ιῖ1, 3.

1111111111, 3. 31, 9. 61, 16. 6
33 64, 55. 515. 588. 353. 384.
65, 5. 66, 65. 15. 86, 99, 3.

nanciscor nactus 11, 4.

narras 61, 29. -1143, 6. 61, 31.
-111111119,1.

nascitur 62, 39. 49. -11111164, 198.
-11111 96,1. -etur 64, 338. 1111111
ηή6ΜἈ5ωΜ,
-torum 19, 4*. 11. gnatus, 11111,
1111111.

Naso 112, 1. 2.

nasus -i 53, 11. ·ιιιιι 13,14. -6
41, 3. 43, 1. 11111169, 9.

11111 68, 156. -1111 65, 51. 55.

1111111119, 1.

1111111331.

nato 11111114, 3.

11111164, 46661, 56. -164,461.
-164,463-64,354. 1164
598. uf. [11,11111

naufragum 68, 3. ι

111111ἳ55, 13. -ue 64, 84. -uiuu
4, .

1111111164,114.

nautis 68, 63.

11111. 1111115, 11. 15. 11, 4. 51,
13. 55, 16. 355. 56, 56., 61, 88.
156. 152. 153 (111) 61, 114. 111
65,11. 66,59. 61, 4’6. 68, 11.
1416311111) 131. 151. 14,.3
99,9- (1. 11111111.) 61, 566. 6,
59. 61, 18
-11119,.35.8459, 1153. 43,6
(1111111). 55, 1411111111). 61,
11-.(ιι teu) 98*(-n: uiden). 65,
81-111 uiden). 63, 58. 64, 58.
59. 135 (siccine). 134 (siccine)
136118186 (qu.emue) 183
(quiue). 66, 15. 51 (anuo). 68,
11136112111).,11,31111111111 81,

111511113616.

 

