in — insula

96104134. 139. 166. 10, 4.
16, 3. 6. 18*. 81, 1. 86, 4. 81,
3*. 4. 90, 6. 91, 2,9.10. 91,
1. 99, 4. 100, 8. 114, 2. 116,4.
frgm. 1, 3.

in (6. aee.) 2, 1114, 21. 11, 2. 6.
16,16. 11, 9. 30, 8, 33, 6 (pori-
666). 36, 18. 38, 3. 40, 2. 6.
44, 11. 14. 61, 38. 66. 108. 123.
63, 68. 19. 89. 64, 121. 128.
160. 11111 216. 242. 360*. 66,
61. 61, 8. 30. 68,108,122.132.
16, 21. 84,1. 98, 1 (bie). 101,
10. 113, 3. 116, 4.

161166611116 6, 11.

inanis 28, l.

inaniter 66, 41.

inaurata 81, 4.

incanduit 64, 13.

incedere 42, 8.

16666616 23, 9. 64, 226.

16666666 60, 8. 64, 19. 263 -sam
64, 91.

16616166614,21. 10,19. -dire 10, 6,

1661616616161268. 6166161308.

inciperes 81, 2. -16166162, 18.
-ceptam 68, 16.

166116163, 86. 61, 210. -116 2, 4.
16, 9. -atos 63, 93.

incohata 36, 18. -1661 36, 13.

166616 64, 228. 66, 68.

166611166, 88.

incolumem 9, 6.

incommoda 68, 11. - 14, 23.

increbescunt 64, 214.

inculta 62, 66. -1616 61, 360*.

166616666 64, 183. ,

16664,18. 29,18. 64, 112. 226. 298.

ludii 46, 6.

1661111164, 61. -cet 61, 226.

indidem 61, 214.

mmmm

indignum 31, 16.-616 66, 86.

indistinctis 64, 283.

indomitus 60, 11. 64, 101. 103, 2.
4. -11 63, 33, -16 64, 113. -tum

- 68,118*.-16664,64,

16666666 30, 8.

Indus 1666 64,48.16666 11, 2.

inelegantes 6, 2.

¹ineptiarum 6, 14. 14, 24.

ineptia -ire 8, 1.

inaptus -te 12, 4. 26, 8. -639,16.

-6 11, 2. -161 39, 16.

125

16616 61, 26. 61, 131.

infacetum 43, 8. -16 22, 14. -tior
22, 14 (1616116). ‚

16161166 68, 99. -61666 36, 8.

16161166 101, 2. 8.

insero -tulit 61, 41. 68,’ 11. 122.
-161161 64, 42.

1616616 99, 11. -um 116, 4. -6 16,
10. 61, 366. ·is 66, 13.

inficetiarum 36, 19. (u. 161661

166616-1666642431 -1ecta 64,225.

1611616602.

infirmo 61, 306. -mis 64, 361.

1611111 64, 24311.

inflectentes 64, 266. -116166 64, 10.

161666 64, 224.

ingenerari 61, 216.

ingentis 115, 5.

ingegnuus 61, 81. -666110, 6. -66
6,38Ι

inger 21, 2.

ingratae 16, 9. -1616 68, 142. ·16
16, 6. -16 13, 3. - 64, 103.

ingressus 64, 246. ,

ffifflffiffiz

, .

1616166636, 10. 1616611 64, 163.

16161166 108, 3. 110, 3. .

1611166361.

161111 63, 9.

1616116 12, 1.

1616611 64, 16.

innixa 68, 12. f

innuptae 64, 402*. - 62, 12. -arum

· 66666666

16666616161116 64, 116. ,

inops 64, 191.

inquam 10, 18. 13, 66616121.
-6611 10, 26. 46, 2. 13. 66,11.
63, 18. -qniunt 10,14. ·quies
24,1.·6611 16, 21.

inquinatiore 33, 3,

inquiren ·are 23, 23.

insapiens 43, 8.

16661616 61, 222. ..

1661616621, 1. 81, 2. -ns 16, 16.

1661116 -611111 66, 60.

1666166161 26, 12.

insperanti 101, ,2. 6.

16611111, 12. 116,1*.

1661116661 110, 2.

instruentem 21, 1.

16661664, 184, -1129, 12. -11616
31, 1 (bie). ·as 4, 1.

 

