quis - 131010

8, 17. cur (01101111. 8,16. 18.
30, 6. 100, 5. quem8, 11. 18.
53, 1, 61, 48. quid8,6. 6,.4
14, 4(bia). 22, 12. 28,.4 23, 21
(dinnao, 6. 40, 6. 52, 1. 4, 62,
24. 64,116.164.66,41. 19,1'
(quidni). 86, 1. 88,1. 3 83, 1
(quid ni). 106, 2.

quis (indcfita,15 12. 32, 5. 48, 2.
66, 41. 74, 2. qua 61, 88. 68,
40. 76, 1. 37,11. quid 13,10.
22,13. 23, 13. 38, 7. 42,14.
82, 2. 4. 107, 1*. 0110171, 1*.
107, 1*. quem 71, 2. quid6, 14.

32, 3. 42, 23. qui 14, 24. quibus.

qffimmmmmmm
343. 67,11. quicquam 88, 7. 36,
1. 102,1. cuiquam 16, 7. qnem-
quam 3,12. 38,1. quicquam 15,
3. 67,11. 73,1. 37, 1. 33, 3.
quoquam 73, 1.

quisque 38, 18. 64, 277. cuique
22, 20.

quisquis 68, 28*. quicquid 1, 8.
31,14. 37, 4. 33, 6. - 6, 15.

000000000
3. quamuis 111, 3. quouis 44, 4.

weemnmmmmn

0000

quod 10,13. 14, 8 (quod si). 11.
15, 14 (quodsi). 16, 4. 21,10.
23, 13. 37, 6. 30,1. 42, 16 (quod
si). 44, 17. 61, 83. 64, 153. 66,
31. 67, 13. 25. 26. 68, 1. 28.
33..3433.,.,727787. 83,4.
31, 3. 5. 107, 4. 110, 31010) 4

quoru ef. cum.

quomodo of. modus.

quondam 8, 3. 64, 1. 138. 236. 382
66, 77. 68, 73. 111. 72, 1.

quoniam 61, 203. 64, 138. 68, 3.

quoque8,8. 17, 22. 33, 13 61,
121, 64, 362. 66, 43. 61. 107,

0110101.21,.,.,.,224242143
attis). 3.

quotidianam 68, 138*.

quotiens 71, 5.

quotquot 42, 2.

143

Μο00000

rabie 63, 4. 44. 57.

radicitus 64, 168. 288.

radio ·iautibus 63, 33.

rodae ·ice 62, 52.

ramulis 61, 22.

ramur -orum 65, 13.

rapax 64, 156. -00101 25, 4.

raphani 15, 18.

rapidi 64, 335. 66, 3. -11111 63, 85.
- 63, 16. -0 64, 358. ·5 68, 44.
Μ4οἢΜ

rapinae 33, 6.

rapis 61, 3. rapere 53, 3.

raptu 68, 87.

rarae 68, 3. -6 68, 136.

rassilem 61, 168.

rastris 64, 33.

10110 10, 23. 42, 22. 64, 186.

ratis ·te 63, 1. -ti 64, 121.

raucisonos 64, 263.

Rauide40, 1.

reboant 63, 21.

recedo ·cessit 64, 43.

recente 63, 7.

1004οἕ11183, 43. 64, 248. recepso

, .

recoluit 63, 45.

1000116110 4, 25. -0111111 34, 11.

:tetrantes ⁵·

recrepant 63, 23.

10010164, 204.

000101-08,.62 ·064,283.-0010

recumbat 17, 4.

1000100144,15.

reddis 64, 157. reddidit 14, 4.
1066042, 11. 12. 13, 20. 24.
103,1.106611076,26. reddere
64, 166 reddens 50, 6. reddi·
turam 42, 4. redditur 68, 150.
1066110 64, 362. 66, 37. redditum
36, 16. reddite 64, 217.

0011001061ῐο3, 12. 5,4.

redimita 63, 66. 64, 1²96— 63, 3.

Μωῆηῃωῶ

1061011110 17, 3.

reducis 76, 11. 10600 55, 11.

0000010600οω 64, 237.

101010 28, 8. 101010 107, 5. refert
46,1.10101011164,17’7. referret
16, 11. referens 63, 75. relata

 

