154

uersu 6, 17. -114 22, 3.

14111414 66, 62. -144 64, 1. 63. 244.
278. 309. 350. 390. 66, 8. 39.

, 76. 68, 57107. -1411144 64, 297.

14114166, 67.

141411 6, 4. 10, 31. 12, 13. 15, 9.
17, 10. 23, 3. 26, 4. 32, 9. 67,
1} 76, 14. 78, 9. 92, 4. 97, 4.
9,3.

4414111414 90, 4. 1411 (41) 66, 74.
14144264, 198. 1411 35, 11. 66,

1444114114 25, 13.

vesanus -4 100, 7. -4 7, 10.

uesper 62, 1 (bis).

14414139, 20. 144114 26, 1*. 29,
13. 14411111 76, 17. nostri 55,
22*. 61, 209. ,1441144 99, 6.
14411111 71, 3.- 68, 151. 144141
66, 83. 1441144 62, 17. 1441144
14, 25. 64, 160. 66, 87 (1441144).
144114 42, 4.

14ἓ11ἑ11111164,293. uestibuli 64,

uestigia 66, 69. - 64, 113. 162.
295. 341. 66, 13.

144114 64, 50. 265. 307. 68, 15.
69, 3. -411 64, 234. -4 64, 163.
65, 21. 66, 81.

ueternum 17, 24.

14111127,1.

uetus -eris 7, 6. 10, 22. 64, 295.
97, 6. -erem 67, 8. -14 61, 213.
-41111 68, 7. -4144 96, 3.

1414141111 64, 80.

11411 35, 7. -44 46, 11.

1141411 68, 61.

Vibenni 33, 2.

uibrare 36, 5.

uicem 64, 69.

11411111 64, 369.

⁸ Victius ·11 98, 1. 5.

11414164, 340.

Victor -oris 80, 7.

1141411462, 16.

111144 28, 11. 61, 122. 116, 5. -44
8, 2. 61, 77 (uiden). 98 (uiden).
62, 8 (uiden). -41 17, 21. 78, 5.
106, 1. -41114 22, 24. -etis 4,1.
42, 7. -411 7, 8. -44167, 16.
-4114111 91, 5.·41114 29, 5. 9. uidi

. 55, 8. uidit 36, 9. 45, 26. 63,
46. 88. 66, 7. -14114 59, 3. -41111

, 64, 16. -411161, 90. 11041422,

uersu - 1114

13. 29, 1. 31, 6. 50, 12. -4111
22, 11. 51,1. 61, 97. -441 48, 4.
-ebatur 22, 13. -eberis 8,16.
uisum 10, 3.

uidua 62, 49. -44 6, 6.

uigeant 64, 232.

1144441111 46, 8.

1111111162, 33.

1111444 61, 136.

uilis -141 72, 6.

11114 44, 7.

1111114 26, 1.

4114414 111414 64, 65.

11141464, 367.

41144114141168, 129. 1114414 62,
9*. 1111441111 62, 16.

uindice 64, 192.

11144 64, 39.

1111127, 6. -11150, 6. -412,2.
13, 5.

41414444 67, 23. 76, 3.

11161, 102. 152. 172. 63, 69. 67,
20. -11 61,157. 183. 64, 144.
68, 146. 80, 6. -14 62, 58. 64,
143. 67, 1. 68, 130. -1111 61, 3.
66, 29. -14 63, 6. 66, 20. 68, 80.
83, 1.111, 1. -1162, 28. -rum
64, 192. 68, 90. -114 61, 186.
-144 68, 88.

111414164, 293. -entium 34, 10.

1113411 64, 319.

uirgineam 67, 28. uirgineis 66,

wmwfflwfflffl

uirgo 61, 20. 62, 4. 45. 56. 64, 86.
395. 66, 77. 67, 19. -1114 64,
364. 65, 20. 66, 65. -1141161,
4. uirgo 1, 9. 61,77. 62, 59. 66,
71. 68, 77. -1114 66, 26. -1144
61, 52. - 61, 37. 231. -inibus
65, 2.

uirgulta 63, 86.

1111041114 64, 285.

uiridis 63, 70. -411 63, 30. -1441114
17, 14.

,virro 11, 111

111114 64, 218. -utum 68, 90. -111-

bus 64, 357. -1144 64, 51. 348.
-utibus 64, 323.

mffiffiffi

114116455. 11441196. 114414 64,

. 55. 211. 407. 114414 11, 10. 63,
48114111 10, 2.

1111 8, 15. 68, 155. -44 63, 90. 77,

 

