mica - morsus

3*. 111111, 4. 64, 195. 100, 7.
1111 63, 80 66, 51. 68, 21. mei
32,.211111322111119,.1 14,
1. 16, 3. 50, 2.

mica 86, 4.

micantia 64, 206. -11111 61, 201.

Midae 24, 4.

migrate 21, 7.

11111168, 86.

1111115, 7. 8. 9, milia 113, 3. -
5,76. 1612 22426441
2.,48 3. 01, 210. 6618 95,3.
milibus 68, '46- 9, 2.

1111111135, 8.

mimice 42, 8.

minax 63, 84. 115, 8. -10114, 6.

mingo minxit 39, 18. -1111111 61,

minister 21, 7.

ministra 63, 68.

minore 28,12. 55, 3. minimum 38,
4. -imo 43, 1.

1111011 64, 60. ·idi 64, 241.

111111111101 64, 85.

Minotauro 64, 19.

minuo -uta 25, 12.

minus 61, 116. 191 (nihilo minus).
62, 58. 12, 8.

mirilico 53, 2, 11, 4. 84, 3.

miror-ratur22,17.

1111111231.51,362,14.69,.1
1-1 64, 51. 61, 29. 68, 145*.

misces 66, 95 -11 68, 18.

misellus 45, 21. -li 86‚7 -lae 35,
14. -,113 10 40,1.

11111118,10.16,12. -1163,51*.
64, 119. 196. ·rum 68, 30. -rae
65, 21. ·ro 51, 5. 68, 20. 92. 93.
11, 4. 99, 15. ·mm 15, 77. 30,
5 56 9. 16, 19. 99, 11. -1111
64, 57. 140*. 61, 24. miser8, 7.
61,139(6111.68,61(611).181,
61164 11. -1068, 74. 912
-ros 101, 2.

miserabile 6,8 91.

misere 64, 94.

misereri 76, 77. ,

11111111111164, 138.

miseret 36, 2.

miseriter 63, 49⁴⁸.

miseritus 63, 49*.

mitem 62, 50.

mitrae 64, 68. -111 64, 63.

11111065,15.111111188,2.-1111

131

64221. -11164,380.11111114,
14. misit 74, 7. serunt 12, 15.
mitte 61, 181 -1111 11, 23116,
24. -1111 66,29. 1111195, 5.
1111111165,18. -1084,1. -111
64, 166. 98, 4.

mnemosynum 12, 13.

1111101,2.3,9(011).10,28.15,
11011). 21, 2. 22, 12. 24, 2. 50,
51011). 53, 1. 56, 5. 73,'.6

110111422811-11161, 38123.
·do 10, 11110 modo). 99, 12.

110111142342,11. 1.2 19.
20. -168, 103

110111111184, 11011).

moechi 37, 18.-1111,11.

moenia 64, 80. 35, 4. 64, 36.
212. 345.

1111111142, 8.

1101111111·1110,33.-111151,13.
55,1.1168, 131.

mollescunt 64, 38.

11011101111125,10.

molliculi 76, 6. 8.

mollio molli 63, 38 44. 64, 88.
293. 311. 65, 21. 61, 33. 68, 5.
10. 80, 4. molles 11‚' 5. -lia 64,
129. 318. -libus 45, 76. 1-101

1101118111 39, 9.

monimenta vu. monumenta.

1101166,43.-111164,240.68,51.
111. ·'tem 795,7. ·tium 36, 9.
-tibus 64,390. 11164126118.
41111160, 1. 64, 281.

monstret 18, 6.

monstrum 64,15. 101.
113. 104, 4.

monumenta 95, 9. monimenta 11,

1101116319.

morbosi 57, 6.

morbum 39, 7. 76, 25.

mordebis 8, 78. ·enti 68, 121.
morsa 64, 376.

moribundr'r 87, 3.

morientur 95, 7. ·iens 68, 21, mor-
tuus 3, 3, 68, 48. -ua 64, 153.

moror -raris 52, 7. 4. 67, 94.
-rari 35, 79.

mors 68, 19. 96,5“. -111168, 4.
101,3.1164362 ·111164,102.
-11 188. 241. 65, 12. 16, 18.

11011112, 4.

9*

·stra 68,

 

