sum - tabernae 149

65, 3. 66, 16, 15. 43. 61, 16.12*.
14.15,26.ῖ.468,,915.11.
22. 36 (trie). 33. 39. 59. 86. 94.
166, 125. 128. 135. 141. 141.
154159,166.69,1.11,4,12,
1. 15,1. 16, 2. 13. 14. 15661).
11. 24. 18, 1. 3. 5. 19, i. 86,
5. 1.,81, 5. 82, 2. 4 (tir). 83,
2. 5. 6 (tris). 86, 1. 2. 4. 51511),
81, 4. 88, 1. 89, 1. 5. 96, 4. 91,
161616), 94, 2. 95, 2. 96, 5 (31).
91, 5. 99, 1.ἰ 166, 3. 6. 162, 1.
164, 2. 161, 2. 31616). 7*. 116,
5.1*.111,3.112,1*.115,1.
l'rgrrr. 1, 2. frgm. 2, sumus 34,
1. 63113 28, 13. 42, 1. 2. 3661
16,.,4213.,2911.33,.131,
13. 49, 2. 64, 6 181. 26. 364.
681511. 13, 3. 16, 8, 92, 3. 161,
, 8. 115, 2. 7. sis 34, 21. 56,18.
, 55,15, 22. 11, 16. 93, 2. 1611, 8.
3113, 13. 11,14. 26. 22 (161123,
ffist8Q7Q6Qm.
62,13. 63, 92. 68, 31,, 89, 6.
162, 2. 168, 4. 114, 5, 715, 3.
316163 68, 131. 31113 68, 155.
31616, 2, 1, 2. 16,8. 55,2, 95,
9. erum 6364616136. 16, 9.
21. 63, 66. 61, 26. essem 36, 4.
56, 13.Ι 55, 32. 63363 39,16.
ι63361166, 12, 63, 61. 83, 4.
616 63, 66. 611346, 7. erit 15,
12. 64, 351. 362 eritis 14, 25.
61661 21, 3. 24, 3. 49, 3. 6316
163 2 63361, 4. 4, 14. 23.,5
13.8,11,16,16. 15..,34124.
16,5. 22412. 31,.3 46,6.
ι41,82“.42,.4.31436,44,2
416. 56, 3. 51, 1. 61, 214. 64,
79. 144. 66, 42. 91. 61, 16. 44.
63, 28. 16, 2. 1224. 18, 5. 81,
184312 883 89,491, 5.
8.,919.,,99416,.234163,4,
166, t. 446, 5. 16166163, 53.
16163 34, 3161614, 5. 61, 46.
66,61.61,21.68,16. 11699,
13 1616611368. iui 44, 6. 63,
, 64. 161311 29, 121611416, 16,
18. 63, 96. 64, 131. 6611, 68,
66111. 81,,3. 116, 6. 1613113
28,11. 1661661212. 24,2. tuere
4,25.49,2.166166164,158,
, 311.1”613362,12.4,.2 14 161·,691
2. 169, 2. 1111616,3484. 55, 75.

summisso 64, 316.

nummus -i 55, 5. ·um 62, 52. -6
64, 165.8 396, εῐι 64, 211, 99, 4.
-1364, .

36616 sumptum 116, 5,

sumptuose 47, 5.

mmptuosur ·63 41, 9.

66616166 ,11163 114, 4.

3666116116.) 7, 2, 16, 51, 7. 64,
29. 64, 286. - (praep.) 63, 1.

superbus 29, 6. -63 61, 85.

3666161116 67, 46.

superfluens 29, 6.

rupero ·are 51, 2. 115, 3.

superuehitur 66, 44.

supinus 17, 4. 32, 16. -um 47, 75.
28,9. -1364,312,

suppernata 17, 1.9

3666166 -611613 66, 4.

supplicium 64, 263. 116, 8. -113

supposuisse 69, 2. itum 67, 32*,

3661661664, 451.

surae 64, 129.

surgere 62, 3.

surrepens cs. 36111,

surripui ef. subr.

suscipit 835. 1..1 88. 4. 1-6161
68,18. -16616111, 6. ef. 366-
ce it.

3636116168, 124. 86, 4

3636666616 64, 225.

suspicor 14, 8.

suspirantem 64, 98.

3631611661 64, 215, -eps 64, 216.

36361161 86, 5,

suus 22, 211. 3612, 7. 35, 6. 61,

. 36, 366661, 58. 211. 224. 366

61, 221 suurn 66, 51 suum 3,
6. 64, 29. suum 61, 42. 64, 81.
366 51, 16 (suopte). 64, 266.
suti 75, 8. 11, 18. 366 15, 2.
3613 61, 57. 62, 45. 63,11. suos
16, 1. 45, 1. 58, 3. 64, 21. 261.
, 366 62, 65. 63, 45. 61, 42. 3613
3, 5. 11, 11. frgm. 1, 3.
Syriam 84, 7. -63 45, 22.
Syrii (Surii) 66, 78*. ·io 6, 8*,
Syrtis 64, 156.

'fabellam 32, 5. ·is 56, 2.
1656166631,16. ·6,163615. -631,1.

 

