130

manet8, 16. 61, 229. 62, 46. 41.
661111166-111311111
1, 19,-111199, 911111111113,
3111111921.

1111111161, 16’. 222. -11 68, 11. 39.

mano -at 66, 24. -16111 64, 344,
-ans 65, 6. -antia 161, 9.

manticae 22, 21.

manu 12,1. 61,14. 63, 84. 66,39.
-irs 64, 319. - 14, 26, 26, 19.
36, 9. 63, 4. 61, 66. 218. 64,
399. -ibus 23, 22. 63, 8.

Marce 49, 2.

mare 64, 166. - 63, 49. 64, 269.
66, 46. 116, 6, -11 4, 23 (marei).
26, 13. 31, 3. 64, 39. ·ria 115,
2. - 63, 1. 48.

1111111164, 16.

maritus 61, 66, -1 61, 6, -ο 61,
141. 62,64. 64, 314. -um 18, 5. 88,
3, -161,142.191. 196. -is 64:118.

marmora 63, 88.

Marrucine 12, t.

111111111613.

11111341. 3618. 39,.6 64, 319.
493. 61, 34. 84, 6. 89, 1. -tris
61, 69 ⁹211. 226. 62, 21. 22. 63,
16*. 64, 88 118. 65, 22. 99, 1
·tri 62,63.-11111 3,1. 9, 4. 91,
5. 111, 4111111 63, 9. -tre 61,
221. 229. 62, 61, 88, 1. 99, 3.
tres 64, 34911111 64, 23.

maternus 84, 6.

maturo 62, 61.

matutino 64, 269.

Mauors 64, 394.

maxime 11, 11. -11111, magnus.

medicos 41, 6.

meditantur 62, 13. -itata 62, 12.

madius ·ii 89‚6. -ium 56, 46. -iam
61, 22. -,111168 99. -,1161 118.
64, 149,-1-11 64, 48. 161.

medullam 36, 16. -as 66, 23. 199,

-is 46, 16. 55, 36. 64, 93.
196, 68111.

111611111126, 2,

Medus -di 66, 45.

meientis 91, 8,

melior 911. -ure 68, 28 a. bonus.

Μ111161,33.

mellitus 3, 6. -11 99,1. -tos 48, t.

membranae 22, 1*.

membrum -bra 69, 14. - 63, 6.
64, 261, 296. 68, 29. 198, 6.

manet — meus

memini 99, 4. 11 39,11. 89,.5
1111136, 11.-1111641481

11111111128,9.

Memnonis 66, 62.

1111111-11164,231.

memorabile 62, 13.

mendaci 61, 48.

Meneni 59, 2.

mens 15,14. 31, 8. 49, 1. 46,1.
65, 4. 66, 26. 61, 26. 68, 8.
15, 1. -ntis 64, 136. 141. 226.
-11 16, 9. tem 61, 33. 64, 291.
339*. 496. 91, 4. -te 8, 11. 69,
3ηΜπῆηωΜ6
91. 299. 291. 299. 223. 236.
238. 248. 264, 398. 68, 26. 31.
1116116.

mensae 64, 45. — 64, 394. -as 62, 9.

menstruo 34, 11.

mentita 119, 3.

mentula 29, 13. 94,1. 116, 8. -las
31, 3. - Mentula 94,1. 196,1. ’
116, 1,- 114, 1.

mereri19,1.

meretricis 119, 1.

9

mergitur 66, 68.

meridiatum 32, 3.

merito 11, 2.

1111111168, 13.

11111121, 1. ·r0s 13, 9.

messem 96, t.

messor 64, 359⁸.

-met 64, 182 (memet).

1111111134, 18.

metuo 15, 9. u-unt 64, 146 69, ι
11611184,9.1ιι1111“ιι164,148*

meus 19,1.2.9 11, 21. 21,11*.
448 63,.3 mea 4519. 64,
218. 66, 19 61, totila). 68, 96
19. 132,19,1.81,2.111112
13.3,.6666,61.96,..19ιιι111
2,1.3341161341111ο
36, 1. 41, 3. meae 11, 15. 13,
11.194,1,111ο2,6. 11111111,
21.12111182816911
1111163 16. 11111266. 44,
11111161. 32,1. 46,.263,

· 66.68,166,16,1.199,1.111ο

31, 11. 66, 18. mea 36 2. 66,
163 58. 92. 16, 26. 81, 4, meo
64, 14, fragm. 2, mei 41, 6.
111168,11.92,3.1111111114,
24. meis 54, 6. meos 15, 1. 21,
4 386 39,13. 49,..21111311.

 

