pupula

'pupula 63, 56.

pupulum 56, 5.

purgo 99, 5. -atur 64, 39.

111111111- 39, 14. 76, 19.

purpura 64, 49.

1111111110,45,11.-1ῑ164,163.175.

116161-11-68, 151178-178,
7. -ior 13, 19.

1111111654, 1.·137, 16

- queo 141

quande (mdes 1 84,1.--(111111115

(1311611511, 33, 6. 46, ’1. 64,118.

(1111111814. ·111113, 1. 9, 10. -

8,5. 15, 11 (quantum uis) 18,
11. 37,1.1 45, 5. 68, 53. 84,
4.87,1.,.’.,’(1-’8845896111111
1111111111).96,6·,.ο49764,
100*-a 61, 117. ·0164, 99. -1
67, 113 -ie 68, 41.

1111161117,10.-,1981.·141,11. 1111111111(111111111111111111139,1.15.

11111115, 13. 11,.4 ·.1111,4 -11
41, 3. ·1111 16, 13. 37, 3. 7. -es
65,18. 68, 11. -111111111,11.
97, 11. -arem 91, 3. -1111 97, 1.
-11111 16, 3. puta 101, 4. ·ate
37, 9. ·111 1,4.13,15. 37, 5.
73, 1.·111111111141, 15.

putrida 64, 351.

11111111,8.6,15. 11,16.11,11.

6Μ661η61666
66666Η66
6166616116
166616161
16161

quasi 30, 8.
(11111111144,14.
(1111111661, 78. 99. 1151111164, 156.

quate 64, 15. 63, 83. -11111 63,
1011111111 64, 105. 4111111164,
305 1111111116, 10.

6ω666666161η466611

76,14.1νε6.1,1*(51”11.

(11111611164, 4367, 13.

. quadraginta 115,1.

quadruuiis 58, 4.

quaeri 1111111 55, 31.

1111111176,13.-117,1. 116717.
1614116116. -1111147, 7.
-111111111155, 3. quaerere 66, 49.
-111164,153.·1111111167,17

quaeso 10,15. 103, 3.

qualis (11111164, 169. 68, 57. -
61, 17. 118. 64, 3366111. -1111
64, 147. 97,7. -168,109. -i
64, 10ομ -es 64, 89. -ie 65, 13.
-1161165111131611161 qualis

qual6saumque qualecumque 4, 9.
(1111111511 ef. 11111 et lubet.
11111111,1.,.,..,1377371031.
17, 10. 14, 6.9*. 31, 410111.
45,11. 57,8 58,3. 61, 19 (1111111
11111111164819111111111.. ,(1.111111
100*. 151.190(1)11111...11111111).
136 66, 13*. 75. 81 (p rius..
(11111111. 68,79.81111111(11111111.
118. 153. 70,1. 7363761.
95,1. 110, 7. 111, 4.
(111611166369. 67,10. 68,118*.

1Μ16661Η,66.
1’1.ΜΗ6.6666
1η16’1666666
6,16666616

·ae‚uwmueumr(m

18,3....,514151914.36,9.
31,1.3.4.10. 13. 36,7.14(b’is).
33, 5. 34, 4. 10. 11.11. 11. 35,
46 9 36, 3 5 11 136111.
1415111. 15. 16. 37, 1. 14. 38,
4.,.,.416411144,..71545,
6.15.11.14.,.465 47,1.49,
1356813185114 53
455161718561563
(5111.61,11.36.168.167. 63,
3 10 46 44 46 (511). 73. 77.
84. 88. 64, 1315. 30. 36. 73*.
85. 9615111. 169.151.191.161
(bis). 166. 116. 135. 153164.
173. 175. 196. 198. 366. 316.
316. 331. 345. 348. 351. 398.
66, 461561. 45. 55. 67, 1. 5.
68, 1. 16. 48. 54. 5.6 63 (5111.
89. 73,4. 76,8(51“11.11.16.
89, 116111. 315111. 96,1. 95, 1.
97,3. 99,11.161,3.167,1
(513*1.3*.’169,1.11,.43 115,5
(bis). frg m. 1, 1.1.

(111611111535, 8. 74,5.91, 7. queo 11111161, 66. 1111116164, 466.

163,1.

11111161, ’11. 73. 75, 3.

 

