156

uox 63, 21. uocem 60, 4. uoce
42, 18. 61, 13. 63,49. 64, 140.
320. 01, 41. 1611164126. 166.

1111111111 61, 2.

urbanus 22 2. 9. 39, 10. -um 39,
1. -1 1114.

11161129,23*. 64, 361. 11111162,
24. 64, 392. urbes 46, 6. 61, 16.
urbibus 64, 8. frgm. 1, 3.

11131113, 6.

utini 31, 20.

1111093612.

uror 12, 6. 41111 61, 111. 83, 6.

urtica 44, 16.

usquam 11, 20.

11111111310. 4, 24. 6, 9. 39,2
*usque quaque). 16 (usque qua-
que). 44,14. 46,14. 48, 2. 3.
61, 161. 116, 6. 116, 4.

ustilanda 36, 8.

1111016 69, 6.

usus-98, 3. usu 91,1.

111 (fin. et consec.) 2, 8. 10,16. 19.
13, 14. 14,14. 16,316. 29,13.
30, 12. 34, 9. 39, 13. 20. 40, 6.
60, 9. 1316111. 60, 4. 61, 41.
63, 63. 18. 64, 138. 230. 231.
233. 236. 293. 402. 66, 48. 61,
16. 68, 3. 84. 116. 16, 3. 16,
23. 18, 4. 90, 6. 99, 13. 101, 3.
109, 3. 6. cf. uti.

1111111111111111 2,1*. 9, 8. 10, 3.
24. 11,21. 12,11. 14, 8. 16,
11. 13. 11, 11. 26. 22, 6. 21, 3.

uox - 10111111

28, 1. 29, 8. 34, 23. 39, 8. 46,
8. 16. 11.61,34.11. 166. 111.
211. 62, 8. 12. 39. 49. 63, 61.
64, 66 (111 pote). 61. 111. 118
(bis). 121. 122. 226. 66, 19. 66,
3. 4. 6. 24. 30. 61431111110111.
68, 13. 12, 3. 4. 13, 6. 16, 21.
89, 6.

1110111111.) 10, 6. 46, 8. 11. 60, 3.
63, 2. 6. 36. 14. 04, 241. 68,

111 (loe.) 11, 3. 11, 10.

,uterque 31, 3. 60, 4. utriusque 68,
39. utrumque 4, 20. - 11, 4.

, utrique 61, 6. utrisque 61, 3.

1111 (fin.) 63, 19. 116, 2.

111111111164, 111. 66, 93.

utor 10, 32. uteris 12, 2.

utpote cfi utet pote.

utrum 10, 31. 11, 22. 93, 2. 91, 2.

uuam 02, 60. uuis 11, 16.

0111011111] 66, 63.

uulgus 12, 3. -140, 6.

uulturio 108, 4. uolturium 68,124.

nultus -um 64, 111. -1166, 8. 64,
34. -1'1s 64, 14.

uxor 69, 2. 61, 192. -em 14, 4.

Zephyritis 11, 51.

Zephyrus 64, 210. -1 46, 3.
Zmyrna 96, 1. 6.-111196, 6.
zonam 2, 13. 61, 28.
1011111161, 63.

Lipsiae typis 1. B. 1111116111ᾰὶ

 

