Alpes — antistans

Alpes 11, 9.

111511 68, 82. -rius 11105151
57, 4. -, 5, 8. 9.

altus 68,117. 1115 66, 68. -1164,
368. -tas 11, 9. 64, 288. -tl 63,
1. 12. 64, 360. -115 63, 71. 11-
115168, 117. -11515 42, 18.

amabilior 66, 10.

11511151 61, 7.

amaritiem 68, 18.

umam riores 27, 2.

15111111 4, 13.

Amathunta 36, 14.

Amathusia 68, 61. ,

ambo 57, 1.·os 71, 5. -11 35,10.
-obus 164, 2.

ambrosia 99, 2. 13.

ambulatione 55, 6.

1515151 41, 1*.

1151551164, 197.

amica 41, 4. 43. 5. -115 72, 3. -15
110, 1.

eminio amictum 64, 311. -ta 63,

55151616100, 6. -15 77, 6. 199, 6.
-15 9 , 4.

uniuersitatis. ·tu 64, 64. 266.

15115511 30, 2.

amimea amici 35, 6. -515 68, 9. 73,
6. -5 55, 7. 1432. 77,1 (nl.
·o). -5 102, 1. -os 28, 13. 41, 0.

ῑ-15 9, 1. 63, 59.

amittere 64, 159. 11116146. -issum
64, 245. -isso 68, 80.

amnis 29, 19. -51515 34, 11.

1155 45, 3. 85, 1. 92, 4. amas
56, 3. -1162,16. 92, 2. -1111
37, 15. -15115,20. 15155112,
16. arnus 5,1. -55197, 1. -abat
3, 5. -11515 14, 1. 104, 3. -155
32, 1. 65. 11. -abis 8, 17. -1511
58, 3. amantur 45, 20. -abitur
8, 5. 37,12. amare 40, 8. 45, 3.
72, 8. 75, 4. -111 24, 6. amans
11, 19. -1511 70, 3. -antem 12, 7.
-antes 66, 31. - 64, 335. -1511-
bus 61, 47. 115111 8, 5. 37, 12.
67, 34. 87, 2.·11115 81, 1. -atis
61, 46*.

1515164, 335. 66, 6. 88. 68, 24. 96.
117. 91, 6. 1515145, 817. -111
55, 19. 22. 61, 45. 68. 107. -11
99,11,15. -1515 11, 21. 30, 8.

107

61, 130. 205. 64, 120. 68, 83.
71, 3. 7613. 109,1. -15 35,12.
61, 33. 64, 19. 182. 253. 330.
67, 25. 35. 68, 73. 76, 6. 87, 4.
91, 2. 96, 6. 100, 8. -res 6, 16.
7,8.10,1.13,9.15,1.21.4. ,
38, 6. 40, 7. 45, 1. 64, 27. 334.
372. 68, 69. 78, 3. 96, 3.

Amphitriten 64, 11.

Amphitryoniades 68, 112.

amplectitur 64, 30.

1155111155 64, 265.

1155651939, 21. 42, 23. 68,14. 76,

15 10, 31. 17, 22. 29,16. 37, 6.
7. 40, 5. 64, 180. 182. 66, 21.
27. 31. 80, 5. 93, 2. 97, 2.

anceps ancipiti 64, 369.

ancillis 61, 42.

Ancona 36, 13.

Androgeoneae 64, 77.

angiportis 58, 4.

anguino 64, 193.

angusto angustans 64, 359.

angustos angusta 64, 80.

anhelans 63, 31.

anilitas 61, 162.

15151115 30, 7. 63, 31. -151 68, 106.

1511551 63, 57. 64, 145. -1 2, 10.
63, 411551. 38. 64, 372. 65, 4.
68, 26. 102, 2. -um 1125. 63,
18. -5 15, 3. 63, 17. 85. 64, 70.
250. 65,18. 68, 38. 7611. 107,
2. 109, 4. 116, 1. -5 63, 61. -os
62, 11. -is 46, 20.

ameh-whm

annuo 15551161, 163. ·- 64, 204.

1115511555 23, 20. -os 45, 4. -11
21, 3. 24, 3. 49, 3.

annuus annuum 34, 18. -5164,

anseris 25, 2.

1515 (adu.) 11, 21. 29, 4⁸. 45. 8.
17. 62, 28. 64, 188. 384. 66, 51.

1515 (praep.) 64, 67. 318. 66, 67.

15151410.

15155515 64, 234.

Antimacho 95, 10.

antiqua 34, 23⁴.

antiquis 66, 64. 68, 154.

antistans 9, 2.

 

