148

splendidis 64, 46. -as 61, 18.
sponsi 65, 19.

1111111114, 13.

spuma -arrtibus 64, 155. 68, 3.
spumosa 64, 121.

spurcata 108, 2.

1111111111 ·1 18, 8. 99, 10.
squalida 64, 42.

stabula 63, 53.

stadio 63, 60.

stagnis 31, 2.

1111111132, 9.

11111181,4.

1111111 68, 31.

stellarum 66, 2.

11111111 63, 69. -i 61, 26.
sternuit 45, 9. 18.

1111111111 63, 11. -111163, 4.
stipendia 64, 113.

stipite 64, 289.

stirpe 61, 68.

111 stare 61, 93. stetisse 4,16.
‹ stantis 11, 3.

stolidum 11, 24.

stridebat 64, 264.

stringere 66, 501

strophio 64, 65.
1111111522.

’“ studeo 93, 1.

studioso 116,1.

studium 08, 19. 44. -io 16, 8. -ia
68, 26.

stuitus 18, 5. 1111168, 131.

stupor 11, 21.

stupra 6, 12*.

Stymphalia 68, 113.

1111111111, suacium cf. 1111.

11111111 es. 111111.

creabis 11111 61,1 (111111 olentis).
suauis 64, 81. suauius 13, 10.

sub (c. 111111.) 51, 9. 64, 211. 66,
5. (1. 111.) 63,11. 64, 154. 354.
65, 13. 21. 66, 49. 69, 6.

subducat 01, 298.

subi 61, 168. v

11511116, 13. 84, 10.

subleuat 11, 18. -11168,4.

sublimis 68, 19.

subrepsti 11, 3. subrepens 16, 21.

subripiam 99, 16. -pui 9111. -puit
80, 6.

subsellium 39, 3.

substernens 64, 332. 403.

subtegmina 64, 321. 333. 331. 342.

splendida - sum

341. 352. 356. 361. 365. 311.
315. 318. 381.
sumeres, 1.
subtilem 64, 63. -1 54, 3.
suburbana 44, 6.
succepit 64, 104. cf. suscipit.
succumbere itt, 3. succumbens 64,

. 369.

sudarium 25, 1. -ia 12, 14.

eudo -1111164, 106.

sudor 23, 16. -11 68, 61.

111111 63, 25.

Suffenus 22, 1. 10. -11122, 19. -
14,19.

suffixa 61, 39. -um 99, 4.

11111111 4, 23. 10, 23. 30. 3114.
39,18. 61, 24. 63, 5. 6. 56. 84,
9. se (111.) 3, 8 (1111). 4, 26.
10,1. 11, 18. 22,11. 36, 9. 58,
3. 61, 42. 62,29. 59. 63, 85
(sese). 64, 55 (sese). 51. 291.
211. 244 (1111). 258 (1111). 211.
343. 385 (1111). 403. 408. 66, 42.
52. 84. 61, 22. 31. 68,10. 88
(sese). 132. 10,1.2. 15, 2. 16,
2. 18, 5. 84, 3. 81,1. 88, 8.
91, 9. rub, 2. 110, 8 (1111). -
11 (abl.) 22, 11. 62, 12. 64, 34.
114, 2.

sura 14, 9.

sum 14, 4. 45, 4. 61, 9. 11 1, 5.
21, 5. 23, 21. 24, 1. 29,10. 30,
11. 34,15.23. 38, 5. 39,11.
44,11. 61, 198. 201. 66,21
(bier es 11 ’1) 29. 34. 61, 6. 68,
130. 12, 6. 81, 2*. 110, 3. 112,
1. 2. 1112, 11. 3, 2. 3. 5,6. 1,
10. 9, 8. 10. 11. 10, 3. 30. 11,
24. 12, 5. 8. 13. 16. 13, 8. 10.
14,10.1 ,11, 11. 12. 22, 2.
14. 16. 1 0. 21. 23, 1. 3. 5.

13. 192 4,5.1(111’1). 8. 26,

2. 21, 1. 29,15.16. 31,1. 11

(111). 14. 33, 4. 35, 11. 36, 11.

31, 4. 15. 38,1(-11).2(111“1.·

111 11 st). 4. 39, 2. 6 (bic).

9. 16. 20. 41, 5. 1. 42, 15. 22.

44, 2. 3. 50, 21. 51, 2. 1.

13. 52, 1. 4. 54, 1. 55,1.13.

56, 4. 61, 41. 83. 81. 192. 62,

8(-11). 9. 11. 45. 54. 51. 58.

60. 61. 621511). 63 (111). 64.

63, 11. 49 (st). 51. 61. 02. 64,

141. 268. 301. 396. 391. 404.

11
sc
11

 

