ilec-

nee 3, 8. 6, 3. 7, 11. 12. 8, 7. 10
(bis). 1315111. 10, 1015111. 13*.
21⁴¹. 11, 21. 17,12. 17. 18. 21,
5. 22, 5. 23, 2. 7. 20. 25, 24,
10. 26, 3. 36, 4*. 41, 7. 13, 1.
2 (bie). 3 (bie). 4. 44, 18. 48, 4.
50, 9. 10. 57, 3. 5. 61, 67128.
62, 14. 23. 47 (bie). 64, 55 (111-
4um). 83. 166 (tir). 168. 173.
175. 185. 183. 210. 222. 232.
302. 3791674118. 65, 3. 66, 73.
67, 11. 17. 39. 4415111. 68, 7. 43.
19. 38. 116. 119125. 141. 143.
63, 8. 72, 2. 73, 5. 75, 31.
76, 315111. 78, 5. 81, 3. 88, 6.
91,.,.532133,293,.5101,
3 1101 116,6.11. 1111

1111116155.

1111111 12, 16. 16, 6. 61, 81. 62,

111111161337. 90, 1. -de 64, 405.

1111114118.

11111 68, 83.

negligis 30, 5. neglegit 61, 133.
negligentem 10, 34. 11111111-
1111111113.1111111161131.

1111863115511. 1146
42,.1 -,111312. 1161 152.
11*61,128.-1ι11,7.1·11112,

1111111111.

Nemesis 50, 20.

nemo 64, 38. 67, 17. 73, 5. 81,1.

nemoriuegus 63, 72.

11111632. 11111163, 12. 23.
32. 52. 58. 73. 83.

neggugug,1 1ξὲ0 -tum 43, 1. ·tes

ι ’ ι ·

neptem 64, 29.

Neptunia 64, 367.

Neptunus 31, 3. -11 64, 2.

neque 4, 3. 22. 10, 1. 3. 21 (bie)
22,15. 18. 23,1 (bis). 211111
24, 5(5ι·11. sein). 19. 26, 2.
36, 17. 33, 8 (bis). 61, 13861,
68 (bie). 153. 68 5. 55. 69, 7.
ιι, 5. ιιι, ι. 11. 111.

nequeo 68, 33. -111116, 11. ne-
quisse4, 4.

nequicquem6, 7 61 111.164. 65,
17.77,1.101,1.111,4

Nereine 61, 28*.

Ν11111-1111161,15.

nemesius 61, 27.

133

-non

1111112, 6. 6, 1. 53,1. 805 85
2.-1181, 6. -1117, 22,

nescius -ia 68, 17.

111 32, 6. 68, 12. 116, 3.

116,2(1111 14 (111111, ituci).
45, 3. 79 ,1(quidni). 83 ,1(quid·
111. 11. 1111,11.

Nicaeae 46, 5.

nigro 68, 63. ·ris 13, 2. nigerrimis
17,16.

nihil 6, 12. 51, 7. 73, 3. 88, 7,-
10, 3. 15, 6. 16, 6. 17, 21. 23,
8. 12, 21. 61, 116. 148 (1111. 68,
131. 83, 3. 83, 5. 1111112812.
61, 137 (nihilo minus).

1116, 12*. 68, 77. - 17, 21. 39,
2. 42, 21. 61, 61. 64, 146. 33,1.
1111 37, 3 (bis).

Nilus 11, 8.

1111111122, 18. 62, 7.

nimis 43, 4. 56, 4. 60, 5. 63, 80.
6122169.

nimium 51, 14. 68, 137. 93,1. -io
63, 17. 36.

111123 2. 22. 83 5 32, 24.
106, 2. 11. 11.

11111161,193.-1112, 5.

mmffi3

111111111161,177*.11161681.
-111161, 81.

niuei 64, 240. -11 61, 9. 61, 3031.
68, 12’6. -ese 5516. -11164,
361. -111 63, 8. 61, 303.

111,1ι”11·111111ι63,53.111163,

no 11111 66,16. 11111 64, 2.
111111 61, 275.

nobilem4, 8. -11 28, 13.

noctifer 62, 7.

11111111166, 13.

111167,15.·111ι68,37 11118,

7111111133,15.1111 8,9*.23,
25.62,61.6’3,1.82,3.11111,
11111161,214.68,122.151.-111
29, 11. 23. 34, 22. 62, 35. 67,
13.16.68,50.

1116, 6, 13. 8, 3. 10, 1. 13111,
203.111,16.12,2.612.13,
4.14,11). 11. 1111111. 15, 6.
16, 10. 17, 22. 11, 2. 22, 19. 21.
23,9(5ι“11. 1015111. 11. 15. 23.
24,..,.,.2726130333,5.8.
36,.,17377.,103.,417.12,

 

