110

Β11116666 31, 5.

Bithynia 10, 7.

blanda 64, 139*.

bombos 64, 263.

bonus 17, 5. 89, 3. -1 61, 19. 62.
202. 89, 1. -1 6, 15. 61, 44. -16
61, 44. -616 37, 19. 61, 204. -υ
66, 27. -116 13, 3. -e 39, 9. -1
64, 23. -o 45, 19. 61, 166. 71,
1 1. -n 34, 23. 61, 19. 226. 67, 2.
-16 110,1. -1 29, 17. 68, 15811
-orum 198, 3. -16 15, 10. -1 11,
16. 77, 4. —i 37,14. -61 61, 232.
-16 61, 186. -16 34, 19. 63, 59.

Bononiensis 59, 1.

Booten 66, 67.

Boreae 26, 3.

brachiolum 61, 181.

brachium -ia 64, 105. 332. 66, 10.

111661 61, 211.

1116616 5, 5. -66 63, 57.

Britannia 29, 4. -116 29, 20. ·ias
45, 22.

Britannos 11, 12.

Brixia 67, 32. 34.

bustum 64, 363.

buxifer 4, 13.

(laeliano 56, 2. -6164, 273. -nornm
31, 14. -nis 13, 5.

6666 6161623, 20. 6161111361.

cacumen 64, 240. -61166 4, 16.

cadit 64, 109. cecidit 11, 22.

01661116 35, 2. 1867, 9.

caecus -ca 64, 197. -cai 64, 207.
68, 44. -co 67, 25.

caedis 64, 77. -16 64, 181. 366.

caedo cecidi 56, 7. caede 63, 81.
616616 64, 359. 68, 111.

ecclelia -libc 68, 6.

61616611 66, 37. - 66, 7. -turn 64,
191. 204. -116 68, 76.

6161166116 64, 386. -661616 68, 138.
-66116 30, 4.

61611166 61, 197. -tum 11,14. 61,

0161166 100, 1. -li 581. 100, 5. 8.

caelum 6, 17. -li 46, 2. 66, 59.
68, 115. -16 64, 299. - 62, 20.

Bithuoos —

carpatinas

caeno 17, 25.

61616166 36, 11.

cocruluc ·la 64, 7.

016611931. -ris 11,10. -11 57, 2.

caesariem 66, 8.

61661645, 7.

0166166 14,18.

calamo 63, 22.

calathieoi 64, 319.

caligine 64, 207.

61616-1666 27, 2.

Callisto 66, 66.

ualuas 53, 3. -66 14, 2. 96, 2.

0161611661 55, 10. -611 55, 29.

campum 68, 67. -6 55, 3. -i 46, 4.
61, 280. 344*. -os 31, 6.

candet 64, 45. -66116 64, 318. -6611
64,14.

candidus 68, 134. ·a 36, 8. 64, 308.
68, 70. 86, 1. -o 61, 115. -113,
4. -i 8, 3. 8. -os 39, 1. -164,
162. 235. -didiore 68148107,
6. -1111611 80, 2.

6161642, 17. -ncs 108, 6.

canitiem 64, 224. “

cano canit 63, 22. -arnus 34, 4.
-am 65,12*. -ent 62, 9. -616 63,
11. 6661611 63, 27. -661661 64, 383.

016661616 66, 58.

61616 64, 264. -166 64, 396.-

caumana 61, 162. 95, 6. 108, 1.
-16 66, 70. -6 64, 18. 350*. 68,

. 124. -66 6135011

6166169, 6.

capillatis 37, 17.

6161116 25,1.64, 193.

61616 61, 204*. -61661 63, 36. -66
61, 8. -6616 61, 63. 61611666,
36. -11 62, 24. 6661163, 8.

caprimulgus 22, 10.

6166611 68, 36.

616111 61, 55.

61661 10,11. 15,16. 17, 9, 45,
1654, 1. 66, 40. 68, 126. 116,
4. -116 88, 8. -11168, 124. -111
63, 23. 64, 255.

carbasus 64, 227.

11161161, 71. -rens 63, 57.

6111616 64, 16. -nam 64, 249.

carmine 64, 24. 116. 321. 322. 68,
7QQBWQRQ
383. 66, 12. 16. 116, 2.

6116111616 97, 12.

6116111616 98, 4.

 

