136

opprobria 2815141444).

4444414414 - 44444

4444114163,13.-44136, 12.

opo opis 64, 324. -em 16, 18. -4 palaestra 63, 66.

34, 24. 61, 2.
optimus 46,1. optuma 15,3. 4411·

444 28, 3. 33, 1. -mo 14, 15.

-ma 44, 444.

4414 16, 25. -as 46, 6. -4411 64, 82.
461. -44444 62, 42. 44. -4411 161,
41444414444
-4144 64, 141. 312, ·414 64, 328.

-4114462, 36.
444144146143. 44414411441444426,
44444, 5. 64, 315. 68, 56.
44464, 281. frgm. i,.3 -4164,
368. -44 33, 5. -14 64, 1321. 66,
43144444. 1’‚ 4.
oraclum'l, 5. 64, 326.
444644444411·
44414436, 3.
orbis 26, 231. -em 64, 36.
orbata -a33, 5. -um 66, 21.
64413, 14.

orgia 84, 256. 266.
1111441

orior· -ienti 64, 316. 4414 63, 61.

oro -amus 56, 1.6 55,1.

641414 65, 2.15.

44144 66, 2. ¹

os 61, 51. 4414 63, 36. 44 6, 6. 61,
136. 61, 2. 44442, 6.11. 43,.3
45, 12. 55, 18. 61, 163. 225. ’64,
131. 65, 24. 66, 6. 44446, 5.

oscitantes 25, 1

osculationis 48, 6.

osculum-affl, 121.

ostendit 25, 5. 62, 1.- 64, 211.
-444 64, 385.

44144144164, 181.

44114 61, 224.

ostriosior frg ιιι. 1, 4.

6114441454,110144144

otiosum 111, 2. -156, 1.

4114445413. 15. -io44, 15. 51, 14.
-14 68, 164.

Ρ4416444441 68,16.

444484444ξὲοῖ, 68, 164.
4

44444 31, 1 (paene insularum).

441444 25, 8. 61, 263.

palatum 55, 21.

palimpsesto 22, 5.

pallidior 81, 4.

pallidulum 65, 6.

pallidus -idior 81, 4.

pallium 25, 6. 32, 11.

palma 62, 11. ·14 64, 1. 261. 351.

palmulas 4, 11. -is 4, 4.

paludis 11, 16. -dc 11, 4. 68, 116.
-dcs 115, 5.

pando, αι pandas6, 13.

pando, 6444344164, 325. 1-1461, 16

444442444444444162 28. pepigere

panem 56, 4.

4444444 61, 165,

papillas 64, 65. 66, 81. -1455,12.

papyre 35, 2.

44451, 1. 6138 62,6.111,3
parem 66,42. 44462, 51. 4441
28, 11. 44414 51, 3.

Parcae 64, 306. 383. 68, 85.

444444164, 146.

444444 36, 111.

444444 61, 51. 61. -4114 23, 6. 64,
156. 68, 142. 1162, 58. 64, 216
61, 1. 68, 116. -144461, 26. ·14
23, 5. -144 62, 28. 1-444462, 62.
66,15. 161,.1-14464,466.4641.

parco ·crc 62, 61.

pario· -11 64, 282. 44444444 66, 451.

pppis& 111013 41. 44414 88, 3'3‘.
ans

4441144, 51, 6. 64, 361.
amasi 64, 366.

44444146, 4. -44 32, 1. ct 64,
331. -4411 16, 36. ·44144 16, 32.
-444 16, 26. -4144 45, 4. -ata
62,11. -atum 15, 12. - 11, 2.
-411 11, 14. -414 16, 5.

4444 62, 63 (lia). 63, 66. 64, 256.
251. 258. 256. 44414 11, 18. 66,
2. 62, 62. 64, 251. 81, 4.

4441444144 61, 164.
orthos 11, 6.

particeps 55, 22.

parum 16, 4. 8. 26, 16.

44444144 81, 216.

parum ·4123, 25. -4466, 26. -4165,.6

pasco 444144 36, 111.

 

