134 '

13. 15. 16.44,2.8. 112048
5.54,4,55’12.,32425.26.
51, 8. 61, 12. 86. 101.148.116,
201. 265. 212. 62, 9111360.
62. 63, 62. 64, 2’0, 39. 40. 41.
63. 64. 65. 91. 103. 139. 140.
158. 188. 221. 288. 290. 343,
376. 404. 66, 18. 21. 28. 32, 34.
72. 75. 80. 91, 61, 3. 13. 15. 18.
20. 31. 68, 17. 30. 32. 33. 38.
39, 41. 85. 91. 135. 69, 3. 76, 2.
12, 3. 74, 6. 16, 16. 23. 24, 18,
9. 83, 5. 84, 12. 88, 3. 5. 8. 89
5...,.,91,18951965.91,1,
10. 11. 99, 3. 12. 104,3. 108,
311651141115,3.8.
1991111 no’ntium.
nondum 64, 219. 386. 68, 15.
Ν9919152,’2,
1911991312-99195, 12
1199 62,15. 66,61. 116,1, 68,156*.
1111911164,1’38, 68,11. 83,3,
nostrum 50,4. nobis5, 5. 6, ’16,
8,.5 10,5. 1,.426 32,1’,42,22*.
55, 15. ’62, 11. 64,139*.406. 61,
1. ’18 19. 68, 66.’ 68. 141. 151,
81, 5. 100, 5 101, 36. 109, 5.
Q3mQffiQssffl,
5. 169, 2. nobis 62, 32.
noscitetur 61, 223.
nosco noscent 78, 16. nosti 22, 1.
61, 31, 991113, 6. nosse 72, 1.
no'scens 68, 14’0. notus 40, 6.
64, 339. -11’1 102, 2. -tue 33, 7.
-1ο1911119,4*.-1’163,91.
1199191115,’1*.-11126,’1* 43, 7.
, 58,1, 68,22.94. ·11155,2’2*.
-trae 48, 6 64, 226, 11, 5. 6.
uo 99 ,’911911111991999.
109,2.15,16. 6’4, 229. 68,
132’. noster 13, 6. 44, 1. -119’
91, 2 96 2 99 9 -11164,
15’8. 68, ’23, 95, ·tris 64, 110.
t-ros 64, 226. 233. -tras 50, 18.
116, 6. ’11,142 4*. 81, 98.’ 11,
41119 65 8.- 64,111’1.116,8’
11119 68, 28. 101, 6.
notescat 68, 48.
991111996321. 9-34, 15,
11911·1168,’14,8-1198’0,8,
nouem 32, 8.
nouerca 23, 3. 19 64 402.

nondum - Nysigenis

14, 8. 66, 45. 64. -11 61, 95. 96.
166. 116. 126. -o 66, 11. 26. —
66, 38. -i 22, 6 (119991). 1, -is
66, {5503 63, 75. nouissimo 4,
24. 0, 4.

nox 5, 6. 7, 7. -ctis 63, 41. -19 51,
1261, 118. 62, 34. 66, 69. 68,
44. 145. -tes 6, 6. -tibus 68, 83.

nubes 64, 239.

nubet 61, 20. -919 10,1. 11991911,
14. 64, 374. — 61, 95. 96. 100.
110. 126. 151. -tarum 111, 2.
mffiffimQffi

nudo -untes 66, 81. -ato 64, 11.
-9199 64, 129. -utum 64, 64*,

nudus -um 55, 11. -ο 62, 49,

nugas 1, 4.

nullus 16, 21. 64, 335. -1 8, 5. 14.
11,20, 31, 12. 39, 16, 61, 66.
64, 136. 137. 143144. 1861111).
322. 334. 69, 1. 86, 3. 4. 81,1.
3.-110, 1. -91911,19. -9 62,
40. 64, 184. 81, 3*. -1 62, 44. 53
(511), -19 62, 44 -166, 86. -is

num 30, 4*. 55, 11*. 60, 1.

numun- -ine 64, 134. 204. 66, 7*.

numerose 61, 269.

numerus 7, 3. -um61,268. ·o56,5.

nummi 163, 3.

1119111 19 ,9 911
.......

1191193, 11. 17. 4,.25 891611
11, 23. 21, 16. 25, 6. 26*. 30,.9
35,11. 36’, 11. 39,11. 45, ’19.
50, 18. 55, 11*. 58, 4. 61, ’.138
621163, 68. 64, ’1,43 61119.
61,9.68,9’1.12,5’.14,.61’8,1.
81, 5. 83, 4. 101,’1. 113, 2. 116, 5.

nuntio -antur 35, 11, -119 11,15.

nuntium -iu 63, 75.

nuntius 84, 16. -ii 9, 5.

nuper 64, 217. 65, 5.

nuptialia 61, 12.

9911111164, 290. -ibus 66, 53.

nutriunt 61, 25.

nutrix 64, 376. -icum 64, 18.

nutu 64, 265*.

num nuces 61, 128. 1311315140.
ibus 61, 13’3.

nympha 61, 29. -arum 88, 6 ·us

nou6s 61, 54. -i61, 32. 68, 81. - 64, 17

35, 3('Nou1 Comi) -91114, 1. -

Nysigenis 64, 252.

 

