124

6613166661). 64, 743. 767. 328.
314. 68, 66 (dis). 75, 3. 16, 16.
18. 23. 84, 1299, 13. 16.

iambis 54, 6. -66 36, 6. 46, 2.
1131636

16666 6777. 68,116 uae 67 16.
-61 61, 3. 74. 31. -666 63, 66.

1618663442 48169666
33. 59²⁸.

1616 63, 79.

ldoe 63, 62. 16. -616 63, 36.

166666 64,118*.

idolium 36, 77. 67, 77. 64, 96.

16611122,3. 14. 16. 26, 4. 30,9.
62, 34. 4366, 7.793,4. 616616
62, 6416616 22, 78. 61666161,
141.-84,8.166666162,36*.

identidem 11, 19. 61, 3.

1666 91, 1.

1661666666 64, 118*.

idonens 29, 6‘.

Idri 64, 366.

161666 68, 19.

igitur 67, 16. 61, 19. 68, 31.

ignoro 64, 463. -116 64, 164.

ignis 73, 7. 46, 16. 62, 26. 26.
-6661 3618, -ue 69, 4. -666 36,
75. - 67, 7.

ignosco 35, 76. -sces 68, 37.

ignotus 67, 46. -16 68, 11.

116 63,6*.1116 86, 8. - 11, 26.

1116666 68, 86.

ilium 1161 63, 6*. u. 116.

11164, 1. 6, 9*. 22, 9. 24, 16. 29,
6. 39, 4. 6. 41, 4. 61, 7. 7. 55,
23. 61, 8. 61, 266. 64, 161. 288.
66, 1. 43. 91, 3*. 166, 3. 1116 3,
5.,6979,.,.,.7447·75677.
QffiwQstfflQffi
66, 9. 61, 36, 68, 34. 36. 143.
148. 16216, 23. iilud 65, 73.
61,21. 68,141. 99, 13. 166, 3.
11116661,23.1111661,8.10,31.
11, 22, 67, 226 64, 348. 66, 85.
68, 44. 1111 22, 4. 67, 776. 64,
343. 82, 3. 63, 2. 111616 35, 12.
62, 42. 44. 1116111 62, 66. 64, 124.
316. 61, 26. 41. 69, 3. 11, 6. 92,

, 3. 91,11. 11166324 76, 23.
86, 3. illo 74, 6. 46, 12. 64, 91.
11166 66,6 61116 64, 16*. 13. 1116
68, 777. 11118,6.11,4.11161661
162, 61111611. .

illepidum 111, 4 36, 11. -,6666 2.

16161116 - 16

11116 6, 9*. 76, 74. 21. 68, 36.

11116666, 1. 68, 133.

ilinc 3, 9. 12. 14, 22. 161. 84, 11.

1166616666 41, 6'.

imber 67, 47. -bre 66, 56.

imbuit 64, 11. -1666 4, 11. -huto
64, 391.

1161661616 96, 5.

immemor 64 5.-6 36,.1 64, 136.

-ri 64, 773. 248.
1666616611 44, 8. -111166 64, 7.
immineat 61,113.
16116116 64, 436. -ti 64, 94. 246.
116166 73, 4. 11, 7.
immundior 97, 3*.
impello -pnlerit 75, 75. pellens

66, 53.

impendentes 64, 786.

impensius 12, 5.

imperator 79, 77. 54, 7.

imperio 66, 774 -ia 63, 86.

1616616164, 3. 63, 89.

161611 64, 463. 464. 67, 75. 90, 4.
-36,4. rmpiorum 747 impin
23, 16. 68, 773.

166116616636161.61616161168.

implorato 66, 66*.

impotens 8, 9. -nte 35, 12. -6116
4,18.

impressae 57, 5.

improbius 68, 776.

improbus -is 57, 116.

impudicus 79, 7. 16.

impune 78, 999, 3.

impuro 66, 64. -ris 168, 2.

11661626, 2.

imminuo 64, 775. 798. 11666 16,
21. 11616 64, 93.

11116 661,)2,2.4,11.1611. 16,
6.,23.,.122161..,..81134
6. 13. 79. 75. 76. 21, 3. 12,6*.
77. 79. 77. 73, 26. 24, 3. 75, 73.
2t,o.,.791730‚.531,2'.6.
34,1. 39,11. 44,6.4576.
1623 411493662 62,
2 66,4(611).6.11.12.14*. 18.
61,1.68,.4 69,.2 66,.4 61,
91161. 112. 192, 62, 39. 49.

. v63, 3864, 8. 46. 54. 61. 77. 86.
98166 116133149161. 161.
166116 777. 296 313. 311.
349. 381. 394. 6616 66, 7. 35.
43. 66. 69. 64. 68, 6. 74. 47.
66. 62. 64. 61. 61. 63. 77. 83.

 

