lora -

46. ·quercr 50, 13. ·queiur 78,

10.-1111111111 65, 9. 67, 41. ·te

⁹ r, 11. locutus 14, 1. -a 11, 11.
-tum 84, 3.

1111221,

11113921.

110116116141. cf. libenter

lube12, 61110111.) 15111111). 11,
11.2’49..,215 38,7. 39,14
(quiiube1). 40, 6. 61, 133 ’211.
62, 3611111111). 16, 14. ·,.111326

lucelli 28, 6 ·10 28, 8.

11111162, 26. luxerit 14, 17.

Lucina 34, 13.

Lucini 11. Licini.

1111111 68, 31. -um 64, 199. 241.
-11 68,19. -irs 64, 226. -11611164,

lucum fragm. 1, 1.

ludicrum 61, 24,

11161109, 1.-11511 59,5. 111168,
11.-1111161,133.·11111150,2.
61, 232. 68,1.56 ludite 61, 211.
41111220. 17, 1. 17.

ludus dei 61, 210.

111111116612.1111116621.11-

3393, 1. -gere 6440011111

lumb’cs 16, 11.

lumen 68, 03. lumine 34, 16. 64,
86408. 66, 7. 59. 60, 79. -111
51,12. 64, 188. 220. 233. 68,
55. - 62, 2. 64, 02. 122. 242.
66, 1. 30. 66. -inibus 66, 99.

11111134,16.

lupae 99, 10.

lupanar 42, 13.

lupi 108, 6.

1111111111 63, 40.

luteum 61, 195. - 01, 10.

lutum 17, 9. - 42, 13.

111115, 5. 66,10. 68,132,1111155
16. -111150, 12. 101, 6.- 1111168,
169 luce 64,16. 775. 325. 310.
-ces 64, 31

Lycaoniae 66, 66.

Lydiae 31, 13.

111111680411215.1164162.

1111111164 254.

Macer 11, 1. 1.
maculae 57, 3.

Catullus

manc

1111111111 63, 1.

madefient 64, 368.

madere 68, 56.

Maecilium 113, 2*.

maenas 63, 69. -ades 63, 23.

maeroribus 65, 15

maesta 63, 49. 64, 249, 310. 66,
29. 111411111114110.
-1114,111’.-1111,55.-11111,
23. -1165, 12. -11164, 60 -11111

1111112313. 3631111). 51,88.
61, 46. 48. 82. 118. 62, 58. 64,
100. 21411111). 66, 87. 68, 30.
48 (011). 12, 8, 13, 4. 101, 7.

magistrae 21, 3.

magnanimi 58, 5. -111111 64, 85.
-11111 66, 26.

1111111113. 91, 6. -135,18. 68,
33.115,8.·111,1055611111111).
66,.1-1111,’.33 1134663,
91. ·,.12512 11,.2864.1
31, 13. 115, 1. -11 64, 351. -11
68, 129 11 61, 47. -114, 12.
53, 5. 109, 3. -11 64, 62. 280.
323. 11111145, 15. maximus 115,

.·a68,138. 83, 2. -111,1.
33, Ξ. -1111 66, 43. ·11 44, 16.
4, .

magus 90, 1. 3.

ma1e3,13. 16. 10, 33. 14, 5. 10.
16, 13. 38, 1. 2. 61, 141. 92,1.

maledicere 104, 1.

1111111154.

maligne 19, 18.

maligno 67, 5. ·11 68, 31.

malo mauult 45, 22. malit 79, 1.
mallem 24, 4 malle79,1.

111111111429,21*. 1164
165. 11,2. -1114,.6 28, 14.
831 malrs395 64, 89. 65, 4.

1111111165, 19.-2, 12

1111111115, 12. 64, 115. -11,12. 10,
19. 15,142311401.611,.5
11615.15,11.-1114,22.
29, 21. 44, 21. ·11144, 7. ·um
67, 30. -ο 64, 405. -161, 101.
-11 15, 19. -11 33, 5. ·1 66, 85.
a·e,3 13.

1111114164225.

Μ1111111151,2.-11129, 3.

111Ἇ1Ξ6111 64, ’232- 64, 200. 214.

1111139, 18. 89, 3.

9

 

