146

Scylla 60, 2. 64, 166.
'Scythir'a 64, 29616

secedent 64, 189.

secerno secretus 62, 39.

seeo -at 71, 2.

4441411163, 16.

4441414 8, 19.

4444611464, 389.

1441464·41461,196.

secundus 4, 21. -4 29, 18. 68, 64.
-ae 64, 222. -a5‚ 8.

securi 11, 19.

44113, 9. 4, 26. 8, 11. 10, 33. 11,
19.19,914,19.16,19.11,2.
18.2,.121922,2124,.28.
28, 11. 32,1. 42, 16. 21. 44,
629. 69, 11. 51, 4. 66, 13. 91,
94.196*. 199, 119. 149. 141.
118. 199. 214. 62, 61. 63, 39.
64, 68. 116. 141 16111. 141. 164.
299. 223. 926. 939. 391. 66,
16. 66, 22. 29. 42. 61. 69. 84.
UQQWRQQQ
11. 19. 46. 99. 111. 129. 146.
19, 3. 12, 4. 8. 18,1. 19, 3.
89, 6. 84, 12. 86, 2. 91, 5. 194,
4. 119, 6. 111, 9. 113, 3. 116,

redeo -4162, 2. ·etis 31, 6. -444
61, 3.

sedes 44, 49. 68, 36. -4 81, 3. -44
64, 86. 169. 229. 292. 66, 88.
61, 4. -1644 64, 48. 116. 393.

seges 48, 6.

44116622.

441441 6, 6. 68, 139.

444144 113, 4. -144 61, 26.

semihiante 61, 229.

semilauta 54, 2.

semimortua 69, 16.

semiraso 59, 6.

4414114111 31, 16.

uu· 4

········
68, 121. 92, 1. 119, 1.

senectae 64, 211.

44444144 198, 1.

441144 444414, 26.

4444441162, 66.

senex 61, 4 44414263. 444164,
6. 4444 61, 6. senum5‚ 2. seni·
114461,186.

sensus 64, 189.- 51, 6. rbus 64
166. 66, 26.

Scylla - 414

444114 86, 2. -14 83, 3. -141 61,16. ’
4444121 63, 6. 64, 21. 44411444

1444144994444114 68, 22. 94. -um
68, .

septemgeminus 11, 7.

844114111446, 13.

844111414144 46, 1. 21. ·io 45, 23.

sepulcretis 69, 2.

sepulcrum 68, 89,-1, 6. -ora 64,
368. -oris 96, 1. -era 68, 91.

sequitur 68, 34. secuntur 69, 34.
64, 926. sequimini 63, 19. 4444144
28, 1. -4 64, 181.

4414444 66, 8.

sermones 10, 6. - 64, 144.

sero serens 64, 12.

serpentibus 64, 268.

41468

4414464, 161.

4414141 61, 168. -1411144 46, 14. -114
61, 134. -1444 67, 3. 5.

remansero 89, 8. “

noussen 68, 129.- 4414 66, 68.

441114423114414641.24,6.8.-11111

sesquipedalis 91,6.

sessores 37, 8.

444141114 23, 26. 193, 1.

Sestianus 44, 19.

6411144 -1 44, 19. -14 44, 29.

seu 11, 6. 13, 19. 44, 116141. 6.
61, 26. 82, 4*. of. siue.

seueros 21, 6. -14141116, 2.

4444441 66, 2.

41 13, 2. 3. 6. 14, 8 (quodsi). 11.
24.16,3.141441141116,8.
11, 2924. 21,9. 22,13. 2413.
2239, 11. 32, 4. 9. 36,1. 11.
96, 4. 11. 39, 214411. 4. 19. 42,
6. 14. 16 (quod 41123. 44, 18.
&25Q2Q4Q4ffl
21. 23. 24. 66, 6. 61, 96. 62,
91. 64. 64, 168. 228. 66, 36. 41.
73. 68, 31. 49. 86. 141. 69, 3.
19,.211,1.2.,.,.1421634.
16,1.1119141.19.19,4.82,1.
2.4*.,.89384,1.88,8.99,.4
96,.191,11. 98,1.4..5102,
1.193,.9 194,3.191,1 198, 1.

sibilum 4, 12.

414 14, 16. 11, 6. 22, 6. 24, 6. 38,
6. 46, 13. 66, 9. 62, 8. 46. 66.
64, 119. 169. 246. 216. 89, 1.

 

